10.587688446044922
10.329916000366211
10.022208213806152
9.856485366821289
9.692097663879395
9.9105806350708
10.034585952758789
10.178092002868652
9.799454689025879
10.029726028442383
8.914092063903809
10.161681175231934
9.990333557128906
9.870295524597168
9.893397331237793
9.349560737609863
9.594185829162598
9.970206260681152
9.984130859375
9.764117240905762
10.038768768310547
10.159954071044922
10.288548469543457
9.951692581176758
10.086907386779785
9.850458145141602
9.608277320861816
10.05915641784668
9.784866333007812
9.346948623657227
10.084061622619629
10.425405502319336
9.820785522460938
9.737025260925293
9.512652397155762
10.10214614868164
9.727102279663086
9.783544540405273
10.075818061828613
9.703790664672852
9.811972618103027
9.210705757141113
9.43579387664795
9.985791206359863
9.772846221923828
9.751368522644043
9.57670783996582
9.392725944519043
9.829381942749023
9.240904808044434
9.749773979187012
10.256596565246582
8.939533233642578
9.305986404418945
9.52712631225586
9.411528587341309
9.79092025756836
9.904817581176758
9.44175910949707
9.360295295715332
9.724482536315918
9.005634307861328
9.328511238098145
8.33669376373291
9.824270248413086
8.915431022644043
9.148653984069824
9.62125015258789
9.085578918457031
9.198549270629883
9.37118911743164
9.276605606079102
9.17668628692627
9.047689437866211
8.78438663482666
9.08169937133789
8.965731620788574
8.617179870605469
8.406465530395508
9.090225219726562
8.508801460266113
9.009302139282227
8.734347343444824
8.873915672302246
9.114951133728027
8.819849014282227
8.768975257873535
8.79617977142334
8.517240524291992
8.793885231018066
8.844816207885742
8.604748725891113
8.526793479919434
8.559715270996094
8.570931434631348
7.336551189422607
7.734124183654785
8.490509986877441
8.45463752746582
8.1574125289917
7.897593021392822
8.470012664794922
8.5181245803833
8.218422889709473
8.944952011108398
8.615906715393066
8.219490051269531
8.023381233215332
9.06433391571045
8.196844100952148
8.850404739379883
7.831690788269043
7.673289775848389
7.993890762329102
8.200234413146973
8.161730766296387
7.965127944946289
8.90615177154541
7.290785789489746
8.077637672424316
7.505618095397949
8.493759155273438
7.6390509605407715
7.698194980621338
7.349734306335449
7.5902581214904785
7.762168884277344
8.324054718017578
8.673999786376953
7.270657539367676
7.878327369689941
8.142843246459961
6.978332042694092
8.032567024230957
7.3453049659729
8.059267044067383
7.514019012451172
8.060877799987793
7.089831352233887
7.612782001495361
7.444537162780762
8.088521957397461
7.960038185119629
7.282271862030029
6.801437854766846
6.430427074432373
7.021927833557129
7.396294593811035
7.98239803314209
7.305083274841309
7.4064555168151855
7.144684314727783
6.9602766036987305
7.3404412269592285
6.928522109985352
7.146844387054443
7.147819519042969
6.853546619415283
6.829868793487549
7.6400370597839355
7.429670810699463
6.849856853485107
6.39912223815918
7.400849342346191
6.653885841369629
6.713852405548096
5.983707904815674
7.129958629608154
6.7280168533325195
6.7755537033081055
6.696539878845215
7.0654497146606445
7.001781463623047
7.5916056632995605
6.38753604888916
7.814492702484131
7.146032810211182
6.599719047546387
6.785770893096924
7.045132637023926
6.482285976409912
6.476398468017578
6.268726825714111
6.523305416107178
6.7072858810424805
6.590735912322998
7.070920467376709
6.886722087860107
7.149430751800537
6.133307456970215
6.596896171569824
6.508091926574707
6.3338799476623535
7.222290515899658
7.627791404724121
6.560798645019531
6.080112457275391
7.110806941986084
6.566486835479736
6.751577377319336
6.173545837402344
6.201659202575684
6.952742099761963
7.3061628341674805
6.239489555358887
6.480240345001221
6.402815818786621
6.280272960662842
6.641958713531494
6.25508975982666
7.059908866882324
6.747884750366211
5.916224956512451
6.752466201782227
6.6500725746154785
5.926183700561523
6.3212056159973145
6.0332207679748535
5.569756031036377
6.759790420532227
5.849461555480957
6.535794258117676
6.380302429199219
7.012067794799805
6.471839427947998
6.473690032958984
6.744290351867676
6.517831325531006
6.976414680480957
6.613833904266357
5.911543369293213
6.234229564666748
6.334010601043701
6.379531383514404
6.185398101806641
6.291509628295898
5.648138999938965
5.828982353210449
5.762880802154541
5.789963722229004
6.461275577545166
5.823090076446533
5.915368556976318
6.0659260749816895
5.478218078613281
6.106529712677002
5.912067890167236
5.558919906616211
6.181717395782471
5.740667343139648
5.362716197967529
5.708802223205566
5.706414699554443
5.5244221687316895
6.012505531311035
6.310977935791016
5.747805118560791
5.916238784790039
6.058689594268799
6.598701477050781
5.876534938812256
5.893345355987549
6.525994300842285
6.3324809074401855
6.0475053787231445
5.879535675048828
5.595821857452393
5.6334004402160645
6.963469505310059
5.4847612380981445
6.426960468292236
5.977250099182129
4.969291687011719
6.095820426940918
5.978155612945557
5.970666885375977
5.979059219360352
6.882313251495361
5.677367687225342
5.5546698570251465
5.42392110824585
5.785861968994141
5.321817874908447
5.785634517669678
6.2176408767700195
6.028614044189453
6.024864673614502
6.364381313323975
5.439967632293701
5.022611141204834
5.634076118469238
5.820125579833984
5.661079406738281
5.827364921569824
5.705653190612793
5.7992658615112305
5.484441757202148
5.706203460693359
5.324255466461182
6.372044086456299
5.738402843475342
4.98660135269165
5.415409564971924
4.454823017120361
5.702408313751221
5.0339674949646
5.497513294219971
4.079327583312988
4.608268737792969
4.960724353790283
4.780084609985352
4.353770732879639
4.316385269165039
4.738609790802002
5.313823223114014
4.6773200035095215
4.510217189788818
5.093530178070068
4.297492027282715
4.262461185455322
4.569555282592773
5.086391925811768
5.010667324066162
4.724137306213379
3.4636735916137695
3.978165864944458
4.6774091720581055
4.432734966278076
4.996229648590088
4.734673500061035
4.515460968017578
4.873070240020752
3.919579029083252
4.797283172607422
5.068762302398682
4.723637104034424
4.634937763214111
3.905792713165283
3.9211041927337646
4.417239189147949
3.726186513900757
4.518506050109863
4.306204319000244
4.960648059844971
3.654621124267578
4.397006988525391
4.905124187469482
4.653401851654053
3.7479965686798096
3.631556749343872
3.7617225646972656
2.6823954582214355
3.255213737487793
3.502532720565796
5.055047988891602
4.0588908195495605
3.713747978210449
3.794212579727173
2.8844516277313232
4.305394172668457
3.9629578590393066
3.713442087173462
3.9249162673950195
2.939223527908325
3.308002233505249
3.0627570152282715
3.132458209991455
2.352661609649658
3.390383720397949
3.813079595565796
3.8243658542633057
3.450942277908325
4.682962894439697
3.9460361003875732
4.299245834350586
3.393925428390503
3.645953416824341
3.5461764335632324
2.5899291038513184
4.0477471351623535
3.41636323928833
3.0900747776031494
3.3557045459747314
1.9839552640914917
2.8964197635650635
2.6562767028808594
3.1858396530151367
3.0403811931610107
3.0567219257354736
3.285407781600952
3.003079414367676
4.077584266662598
3.240076780319214
2.4932146072387695
2.3398048877716064
3.2378945350646973
2.877314567565918
3.532811403274536
2.9160189628601074
3.3658652305603027
3.410837173461914
3.4404137134552
3.277583360671997
2.7806077003479004
2.2799253463745117
2.3407580852508545
3.268913745880127
3.312183380126953
2.529423713684082
2.9107794761657715
3.4245026111602783
2.8547523021698
2.7433865070343018
2.6540720462799072
2.941664934158325
2.697211265563965
1.0494506359100342
2.788935422897339
2.3463830947875977
2.48966121673584
3.2026278972625732
2.7336714267730713
2.0224103927612305
2.9095215797424316
3.322028636932373
3.0616390705108643
2.3033905029296875
2.428497552871704
3.133859157562256
1.8917365074157715
2.7120821475982666
1.8721263408660889
3.211663246154785
2.473853826522827
1.5882364511489868
1.4834328889846802
2.4550695419311523
2.0187859535217285
1.7304913997650146
2.4407448768615723
2.5761170387268066
2.093999147415161
2.4450509548187256
2.4395482540130615
1.6848208904266357
3.147996187210083
1.804012417793274
-0.19790118932724
1.8473267555236816
2.1251027584075928
2.464691162109375
1.5456386804580688
1.9396276473999023
1.2792751789093018
2.6458141803741455
2.510631561279297
1.547925591468811
2.044560670852661
1.4380332231521606
0.9485020041465759
1.6371610164642334
1.1372547149658203
1.3639698028564453
1.591679573059082
2.146772861480713
2.283693313598633
1.3437399864196777
1.4428600072860718
2.4106976985931396
1.3281166553497314
2.5454115867614746
2.250859022140503
2.3663206100463867
0.8482505679130554
2.3060476779937744
1.8272432088851929
1.15666663646698
1.3405905961990356
1.7969094514846802
1.273606300354004
1.9684370756149292
1.1519036293029785
1.5946221351623535
2.121619462966919
1.7873189449310303
1.0889614820480347
1.6897716522216797
0.4276404082775116
0.9936293959617615
1.16680908203125
0.46897056698799133
0.8709884881973267
1.8783868551254272
1.0902718305587769
-0.12065636366605759
2.1416122913360596
2.079338550567627
1.2293096780776978
1.7638980150222778
1.5565717220306396
1.2672412395477295
1.079504370689392
1.3821707963943481
0.8834630250930786
0.5865965485572815
2.16343092918396
1.3209211826324463
0.2685212194919586
0.8962072134017944
1.2680288553237915
1.3024183511734009
2.6358373165130615
0.5470432639122009
0.2789917290210724
1.2330167293548584
0.2715386748313904
1.2632769346237183
1.5043801069259644
1.4668835401535034
0.870890736579895
1.3232399225234985
0.5724651217460632
0.987030565738678
0.9990754723548889
0.18227389454841614
0.18775857985019684
0.799274742603302
0.9189316034317017
0.8434101343154907
1.5380107164382935
0.9676406979560852
0.8642518520355225
0.40543699264526367
0.37184953689575195
1.3651827573776245
0.7774805426597595
-0.37386730313301086
-0.48319491744041443
-0.18089929223060608
1.0243028402328491
1.1928942203521729
0.7851171493530273
0.6329812407493591
0.12776097655296326
-0.5458988547325134
0.3307173252105713
0.37654340267181396
0.35430988669395447
1.0466922521591187
0.326458603143692
0.590322732925415
1.1897616386413574
0.26553183794021606
0.7947783470153809
1.177406668663025
1.4753775596618652
0.558108389377594
0.7467063069343567
0.45686447620391846
0.2741382420063019
-0.11298694461584091
-0.37782350182533264
0.009829104878008366
-0.38104984164237976
1.056515097618103
0.5589085221290588
0.2846080958843231
0.026683876290917397
-0.09330753237009048
-0.1801086813211441
0.518720805644989
-0.6855520009994507
-0.049579307436943054
1.4921561479568481
-0.3930192291736603
1.012610673904419
0.5073270201683044
-0.7564375996589661
-0.14953367412090302
-0.3613690435886383
0.11423582583665848
-0.20109306275844574
0.196055606007576
-0.6202656626701355
-0.2434283196926117
-0.42945313453674316
0.31560078263282776
-0.0810699313879013
0.1752971112728119
-0.39596807956695557
-0.810387909412384
0.1868821531534195
-0.5439554452896118
-0.7498868107795715
-0.9705268144607544
-0.9575361609458923
-0.4707683324813843
-0.06563971936702728
-0.8933863639831543
0.26696547865867615
-0.71070396900177
-0.8589552640914917
0.567797839641571
-0.41638287901878357
0.0866946280002594
0.18324676156044006
-0.2647666335105896
-0.9920234680175781
-0.7860968708992004
-0.46683624386787415
-1.18522310256958
-1.1932613849639893
-1.1112233400344849
-0.5460710525512695
-1.1942822933197021
-0.7406383752822876
-1.1219145059585571
-0.9685101509094238
-0.6547625660896301
-0.8822092413902283
-0.4316473603248596
-0.09105633944272995
-0.8641722202301025
-0.017200054600834846
-1.5356519222259521
-0.5891477465629578
-0.6278500556945801
-1.3965510129928589
-0.5997570157051086
-0.4554493725299835
-0.5921066999435425
-0.5456115007400513
-1.3586342334747314
-0.8208788633346558
-1.5082870721817017
-1.0328764915466309
-1.3077112436294556
-1.7060314416885376
-0.5802468061447144
-1.4015476703643799
-0.8881574869155884
-1.1070706844329834
-1.4311566352844238
-1.0197209119796753
-1.3020528554916382
-0.1498064547777176
-1.2359141111373901
-0.7878865599632263
-1.0725783109664917
-1.6057839393615723
-0.49907201528549194
-0.7288501858711243
-1.6912096738815308
-1.1020537614822388
-0.934816837310791
-1.3571054935455322
-0.39079713821411133
-1.8317073583602905
-1.019352674484253
-1.0050535202026367
-1.154412031173706
-0.23381802439689636
-1.835196614265442
-2.2666497230529785
-0.9688286781311035
-0.9603372812271118
-0.40276893973350525
-0.9490103125572205
-2.343144416809082
-1.7034744024276733
-1.977290153503418
-0.24540992081165314
-1.0540759563446045
-2.260645627975464
-2.0952324867248535
-1.5703812837600708
-2.120823621749878
-2.582303524017334
-2.0427536964416504
-2.2596473693847656
-1.2257680892944336
-1.3748445510864258
-1.7874113321304321
-1.4140937328338623
-1.8083134889602661
-1.858086347579956
-1.6261721849441528
-1.5205329656600952
-1.0860979557037354
-0.24478626251220703
-0.8237918019294739
-1.4092069864273071
-1.1466341018676758
-2.077303171157837
-0.7202506065368652
-1.128757357597351
-2.005497932434082
-1.73018217086792
-1.2171752452850342
-1.1966931819915771
-2.9841177463531494
-2.0260658264160156
-1.392212152481079
-2.1442770957946777
-1.8204683065414429
-2.6223537921905518
-2.2367613315582275
-2.3276572227478027
-2.491656541824341
-1.4249470233917236
-1.847794532775879
-2.556541919708252
-1.3771562576293945
-2.0740866661071777
-1.5705317258834839
-2.340742349624634
-2.1057465076446533
-2.666672468185425
-2.9076976776123047
-2.300621509552002
-1.8088828325271606
-1.3238329887390137
-2.4986274242401123
-1.553494930267334
-1.7434452772140503
-2.3893496990203857
-1.2614420652389526
-2.3023717403411865
-1.4773976802825928
-1.537642240524292
-1.6549040079116821
-2.092799186706543
-2.450521469116211
-2.8168413639068604
-2.0267527103424072
-3.92813777923584
-1.740857481956482
-2.417348861694336
-2.4980716705322266
-3.229454755783081
-3.1899030208587646
-2.748748540878296
-2.1252989768981934
-2.6182007789611816
-2.3984732627868652
-3.2291276454925537
-2.5098981857299805
-3.762585163116455
-3.098320245742798
-2.060851573944092
-2.7189652919769287
-2.3819613456726074
-3.376356363296509
-1.8420319557189941
-2.7602686882019043
-2.6199424266815186
-2.3728270530700684
-2.6341240406036377
-2.7986295223236084
-2.5691990852355957
-3.0355091094970703
-1.8006656169891357
-3.4503049850463867
-2.2640318870544434
-2.2048285007476807
-2.7204647064208984
-2.1766202449798584
-2.200052499771118
-2.166400194168091
-2.4521405696868896
-1.8087377548217773
-3.0978667736053467
-1.6553846597671509
-2.8244235515594482
-2.2076549530029297
-3.2051336765289307
-3.1155078411102295
-2.820326089859009
-2.6279618740081787
-2.368242025375366
-3.208918809890747
-2.998504638671875
-2.8280439376831055
-2.9172170162200928
-2.9183826446533203
-3.177328109741211
-3.4071662425994873
-3.1180579662323
-2.5229151248931885
-3.291717767715454
-2.7687087059020996
-3.0445964336395264
-3.3473007678985596
-3.2360332012176514
-2.310614585876465
-2.9391868114471436
-2.3203439712524414
-3.6075546741485596
-3.216517210006714
-3.015927791595459
-3.155726194381714
-2.923542022705078
-3.041546583175659
-3.030543565750122
-3.618267297744751
-2.1926589012145996
-3.221027374267578
-3.1646106243133545
-3.0274577140808105
-3.511324167251587
-3.9715523719787598
-4.078028678894043
-2.8695478439331055
-2.922111988067627
-3.5283892154693604
-3.6310243606567383
-2.626453161239624
-3.264120101928711
-2.8066489696502686
-2.9734458923339844
-3.468109130859375
-3.3786780834198
-3.1664540767669678
-3.6420998573303223
-3.108259916305542
-3.052119493484497
-3.394170045852661
-2.844867467880249
-2.9963955879211426
-3.3931219577789307
-3.9252400398254395
-1.634908676147461
-3.2460684776306152
-3.255035638809204
-3.637936592102051
-2.8474626541137695
-2.7673683166503906
-3.254856824874878
-3.5885612964630127
-3.4016826152801514
-3.5860073566436768
-2.8908028602600098
-3.4481468200683594
-3.437364101409912
-3.8642420768737793
-3.636383056640625
-3.402515172958374
-3.929309606552124
-3.9404890537261963
-3.7239108085632324
-3.1931004524230957
-2.953702688217163
-3.890627384185791
-3.6381752490997314
-3.4421238899230957
-4.044374942779541
-2.974674940109253
-3.0333621501922607
-3.872910976409912
-3.1788535118103027
-4.087573051452637
-3.6905481815338135
-3.364330530166626
-4.4053263664245605
-3.655229330062866
-3.4234871864318848
-4.050451278686523
-3.1336894035339355
-4.015468120574951
-3.3070662021636963
-3.000084161758423
-3.477184534072876
-3.714405059814453
-3.700090169906616
-3.9452121257781982
-3.616628646850586
-3.9719440937042236
-4.132295608520508
-3.041379690170288
-4.179880142211914
-4.0953569412231445
-4.023921489715576
-3.531696319580078
-3.7216298580169678
-3.9352807998657227
-4.117399215698242
-4.430126667022705
-3.952331304550171
-4.025089740753174
-4.266078948974609
-4.172324180603027
-4.2955803871154785
-4.485146999359131
-4.6446614265441895
-3.345416784286499
-4.730401992797852
-4.005457878112793
-3.101789951324463
-3.93611216545105
-5.012763500213623
-4.150868892669678
-3.6982319355010986
-4.395903587341309
-3.679123640060425
-4.184250831604004
-4.392539978027344
-4.046590805053711
-3.963176727294922
-3.9638898372650146
-4.340932369232178
-4.292182922363281
-4.341494560241699
-3.241926431655884
-4.363511562347412
-4.161576747894287
-4.059912204742432
-4.136146545410156
-3.9946675300598145
-3.9532318115234375
-5.007591247558594
-4.286927700042725
-3.3061180114746094
-4.8513994216918945
-4.663512229919434
-4.310034275054932
-4.098142147064209
-3.713480234146118
-3.669861316680908
-4.1627702713012695
-4.717848777770996
-3.4276835918426514
-3.9048612117767334
-4.086129665374756
-4.708587169647217
-4.822465419769287
-4.454388618469238
-4.451169490814209
-4.251077175140381
-4.589032173156738
-3.7360787391662598
-4.91769552230835
-4.989572048187256
-4.485885143280029
-4.113558769226074
-4.772294044494629
-3.9126763343811035
-4.599095344543457
-4.386501312255859
-4.199799537658691
-4.523703575134277
-4.304352760314941
-3.8451197147369385
-4.598454475402832
-5.041232585906982
-4.440199375152588
-3.8991587162017822
-4.562321662902832
-4.740196228027344
-4.321938991546631
-4.063999652862549
-4.792500972747803
-4.282170295715332
-3.4762508869171143
-4.310758590698242
-4.218226432800293
-4.6197686195373535
-5.001041412353516
-5.361426830291748
-5.1114115715026855
-5.289823055267334
-5.030930042266846
-4.281310081481934
-5.537380695343018
-4.480224609375
-4.899708271026611
-4.523819923400879
-4.7963433265686035
-4.871723651885986
-4.071444034576416
-5.122274875640869
-5.422484874725342
-5.199194431304932
-5.371092796325684
-4.908390045166016
-5.121062278747559
-4.979310512542725
-4.719786167144775
-4.923162460327148
-4.865325450897217
-4.337172031402588
-4.778948783874512
-4.508259296417236
-5.7590651512146
-5.1678876876831055
-4.686959743499756
-5.2761125564575195
-4.666823387145996
-5.126882076263428
-4.942935943603516
-4.749849796295166
-4.42099142074585
-5.5961103439331055
-4.501070976257324
-4.935661792755127
-5.012012958526611
-4.868587017059326
-5.098501205444336
-5.511728286743164
-5.325747489929199
-4.755300521850586
-4.948976039886475
-5.278840065002441
-4.533616065979004
-5.152719497680664
-5.577894687652588
-5.037299633026123
-4.8124098777771
-4.5429463386535645
-5.138549327850342
-5.572310447692871
-5.077839374542236
-4.449673175811768
-4.859687805175781
-6.285282135009766
-4.770078182220459
-4.840807914733887
-5.057403087615967
-4.556511878967285
-5.234347343444824
-5.175465106964111
-5.035614967346191
-4.917447566986084
-4.511622905731201
-5.1033124923706055
-4.6720051765441895
-4.9660515785217285
-5.392723560333252
-5.6437153816223145
-4.594778537750244
-4.9650187492370605
-5.141660213470459
-4.6725382804870605
-5.982946395874023
-5.482868194580078
-5.149886608123779
-5.323073863983154
-5.480286121368408
-5.837703227996826
-5.994115829467773
-5.216949462890625
-5.137234210968018
-5.408576488494873
-5.832493782043457
-5.465561389923096
-5.581878662109375
-4.893394947052002
-5.172135829925537
-5.140516757965088
-5.043339252471924
-5.048231601715088
-5.269362926483154
-5.680343151092529
-4.598771572113037
-5.6330671310424805
-5.6843485832214355
-5.398931503295898
-5.540229797363281
-5.046432971954346
-6.04840087890625
-5.398759365081787
-6.267346382141113
-4.941546440124512
-5.591545104980469
-5.392153263092041
-4.918145179748535
-4.866034507751465
-5.153002738952637
-5.776787281036377
-5.6568284034729
-5.478031158447266
-5.379489898681641
-5.727499485015869
-5.243747234344482
-5.324652194976807
-5.325867652893066
-5.562091827392578
-5.218200206756592
-6.416337490081787
-5.3221025466918945
-5.27687931060791
-5.6973185539245605
-4.797073841094971
-6.06436014175415
-5.7407941818237305
-5.499964714050293
-5.220638751983643
-5.676573276519775
-5.775075912475586
-5.437732696533203
-5.84560489654541
-5.7589521408081055
-5.136906147003174
-5.866946220397949
-5.2729573249816895
-5.879797458648682
-5.6191301345825195
-5.881387233734131
-5.665806293487549
-5.569445610046387
-6.180426120758057
-4.8794264793396
-5.491157531738281
-5.007445335388184
-5.554854869842529
-5.463357925415039
-6.274206161499023
-5.433232307434082
-6.208885192871094
-5.3825364112854
-6.256505012512207
-5.7029337882995605
-6.082534313201904
-5.342344760894775
-5.848171710968018
-5.679782390594482
-5.5705366134643555
-5.576826095581055
-5.124813556671143
-6.0019450187683105
-5.681111812591553
-5.409058094024658
-5.84939432144165
-6.047050476074219
-6.285462856292725
-5.729878902435303
-5.2643022537231445
-5.6444902420043945
-6.358658790588379
-5.324730396270752
-5.758430004119873
-5.7176408767700195
-5.702624320983887
-6.000690460205078
-6.557254314422607
-5.746680736541748
-5.745994567871094
-6.044419765472412
-5.9187798500061035
-6.107855319976807
-5.679563999176025
-5.256145477294922
-5.701898574829102
-5.523193836212158
-5.4822492599487305
-5.823293685913086
-5.592086315155029
-5.751367092132568
-6.2076592445373535
-5.051059246063232
-5.439132213592529
-5.8828630447387695
-5.923635482788086
-5.772490978240967
-6.038548469543457
-5.769510269165039
-5.95919942855835
-5.905577659606934
-5.913455009460449
-6.315625190734863
-5.786382675170898
-5.485493183135986
-5.676025390625
-6.063154697418213
-6.028594970703125
-5.750282287597656
-5.686013698577881
-6.064547538757324
-6.202185153961182
-6.231790542602539
-6.495177268981934
-5.923511981964111
-6.129693984985352
-6.165099620819092
-5.627865791320801
-5.587112903594971
-6.207888126373291
-5.360026836395264
-5.994783878326416
-6.342681407928467
-5.548167705535889
-5.979476451873779
-6.237476348876953
-6.067570686340332
-6.484225273132324
-5.579070568084717
-6.249239921569824
-6.644892692565918
-6.0730109214782715
-5.38243293762207
-6.308173656463623
-6.597713947296143
-5.604704856872559
-6.476749420166016
-6.37283992767334
-6.453903675079346
-6.368781566619873
-6.390336513519287
-6.158363342285156
-6.271885395050049
-5.861155033111572
-5.9624409675598145
-6.389328956604004
-6.045572280883789
-6.453801155090332
-6.0629496574401855
-6.6573615074157715
-6.0213623046875
-6.230883598327637
-6.302486419677734
-6.78946590423584
-6.438357830047607
-5.971755504608154
-5.967799186706543
-6.20233154296875
-6.489134311676025
-5.971536636352539
-6.158608913421631
-5.840850353240967
-6.3310227394104
-6.45378303527832
-6.335804462432861
-6.161824703216553
-6.524952411651611
-6.416958808898926
-6.098816871643066
-6.677491664886475
-6.037517070770264
-6.567726135253906
-6.456980228424072
-6.275835037231445
-6.416187763214111
-5.665192127227783
-6.330705642700195
-6.1974992752075195
-6.200056076049805
-6.465228080749512
-6.345339298248291
-6.662590503692627
-6.328629016876221
-6.083053112030029
-6.145212173461914
-6.871947765350342
-6.739213466644287
-6.134047985076904
-6.387142181396484
-6.636600971221924
-6.263482093811035
-6.161657333374023
-5.962862968444824
-6.831660747528076
-6.690465927124023
-6.437326431274414
-5.7261738777160645
-6.046414375305176
-6.096879005432129
-6.370846271514893
-6.462077617645264
-6.652849197387695
-6.261817455291748
-6.5742998123168945
-6.584473133087158
-5.9801506996154785
-6.138607501983643
-6.247146129608154
-6.059167385101318
-6.703548431396484
-6.2968220710754395
-6.471614837646484
-6.319900989532471
-6.933892250061035
-6.205070972442627
-6.467613220214844
-6.439230442047119
-6.618463516235352
-5.920897960662842
-6.359549045562744
-6.251750469207764
-6.573723793029785
-6.584265232086182
-6.726685523986816
-6.551938056945801
-6.174217700958252
-6.4866743087768555
-6.468428134918213
-5.787911891937256
-6.384549617767334
-6.5479536056518555
-5.927582263946533
-6.650550365447998
-6.021721839904785
-6.510614395141602
-7.216981410980225
-6.329758167266846
-6.819671154022217
-6.538017749786377
-6.223572731018066
-6.384933948516846
-6.536325931549072
-5.855865955352783
-6.4954400062561035
-6.408118724822998
-8.049589157104492
-6.5754828453063965
-6.774190902709961
-6.5722455978393555
-6.491444110870361
-6.310485363006592
-6.575466156005859
-7.115638256072998
-6.661586284637451
-6.843357086181641
-6.355790138244629
-6.710646152496338
-5.998324394226074
-6.969146728515625
-6.763411045074463
-6.374565124511719
-6.732676982879639
-6.501901149749756
-6.689854621887207
-6.350214004516602
-6.60922384262085
-6.3991169929504395
-6.293867111206055
-6.707777500152588
-6.636528491973877
-7.175629615783691
-6.650731086730957
-6.236416339874268
-6.459273815155029
-6.835467338562012
-6.536925315856934
-6.215290069580078
-7.028830051422119
-6.320851802825928
-6.089658260345459
-6.469107151031494
-7.118285179138184
-6.317410945892334
-6.863250732421875
-6.448423862457275
-7.028679847717285
-6.300782203674316
-6.781964302062988
-6.8586106300354
-6.664877414703369
-6.41160774230957
-6.654452323913574
-6.340618133544922
-6.915472507476807
-7.036565780639648
-6.799391746520996
-6.834599018096924
-6.609295845031738
-6.422424793243408
-6.395784854888916
-6.647169589996338
-6.647500514984131
-6.587583065032959
-6.7414870262146
-6.6135969161987305
-6.748664855957031
-6.166935443878174
-7.028326988220215
-6.9622626304626465
-6.8674798011779785
-6.342211723327637
-6.419821262359619
-6.400863170623779
-6.397132396697998
-6.7153754234313965
-6.679049968719482
-6.512862682342529
-6.728260040283203
-6.742715835571289
-6.54239559173584
-6.333043098449707
-6.242917060852051
-7.033858299255371
-6.625864505767822
-6.898992538452148
-6.4791460037231445
-6.212991237640381
-6.995135307312012
-6.773909568786621
-6.600140571594238
-6.851952075958252
-6.940167427062988
-6.3316826820373535
-6.75238037109375
-6.255767822265625
-6.600313663482666
-6.623016834259033
-6.926995754241943
-6.668093681335449
-7.072749614715576
-6.733945369720459
-6.911112308502197
-6.311628818511963
-6.9629411697387695
-6.6380486488342285
-6.662886142730713
-6.494261741638184
-6.541758060455322
-6.809624195098877
-6.41993522644043
-6.811921119689941
-6.323844909667969
-6.733735084533691
-6.930624008178711
-6.526669025421143
-6.665821075439453
-6.211343288421631
-6.863683700561523
-6.954443454742432
-6.849751949310303
-6.1381635665893555
-7.03388786315918
-6.945523262023926
-6.808051586151123
-6.947713375091553
-6.842662334442139
-6.842772006988525
-6.555819511413574
-6.95782470703125
-7.307793140411377
-7.295772552490234
-7.121799945831299
-7.027669429779053
-6.833247184753418
-7.359691619873047
-7.311524868011475
-6.470877170562744
-6.917807102203369
-7.096415996551514
-7.215090751647949
-7.082074165344238
-7.194766044616699
-6.562340259552002
-7.383222579956055
-7.420892238616943
-7.081274509429932
-7.0173211097717285
-6.701788425445557
-6.710405349731445
-7.125483989715576
-6.705460071563721
-6.662915229797363
-6.977605819702148
-6.880925178527832
-7.068309307098389
-6.979394435882568
-7.051033020019531
-6.619997501373291
-7.0660834312438965
-7.019248962402344
-6.734844207763672
-7.228001117706299
-6.967888355255127
-7.1353759765625
-6.834201812744141
-6.646927833557129
-6.949570655822754
-7.2655348777771
-7.107299327850342
-7.356425762176514
-6.726081848144531
-6.912473201751709
-6.7181010246276855
-6.571674346923828
-6.696286201477051
-7.2674946784973145
-6.6935133934021
-6.859233856201172
-6.9042649269104
-6.829996585845947
-7.250007629394531
-7.267116069793701
-7.671186447143555
-7.321679592132568
-7.388771057128906
-7.102060317993164
-6.870542049407959
-7.242679595947266
-7.137373447418213
-7.278500556945801
-6.166659355163574
-7.455895900726318
-7.216259002685547
-7.226306915283203
-6.7630438804626465
-7.1641845703125
-7.147670745849609
-7.4512152671813965
-7.487381458282471
-7.075538635253906
-7.135355472564697
-7.027292251586914
-7.250600337982178
-6.636495590209961
-7.401128768920898
-6.536008358001709
-7.143287658691406
-6.927017688751221
-7.018747806549072
-6.965885639190674
-7.358883857727051
-6.827540397644043
-7.046093940734863
-7.2504682540893555
-7.159563064575195
-7.087055206298828
-7.508289337158203
-7.0501484870910645
-7.5163984298706055
-7.165831565856934
-6.909732818603516
-7.279761791229248
-7.236042022705078
-7.5330810546875
-6.767011642456055
-7.464463710784912
-7.188169002532959
-7.301907062530518
-7.273314952850342
-7.6268134117126465
-7.360054016113281
-6.915177822113037
-7.066330432891846
-7.371687412261963
-7.2430739402771
-7.31363582611084
-7.233068943023682
-7.56303596496582
-7.165106773376465
-6.6638593673706055
-7.262959003448486
-7.485050201416016
-6.839171409606934
-7.0443902015686035
-7.280939102172852
-7.406293869018555
-7.38358211517334
-7.258337020874023
-7.293083667755127
-7.007443904876709
-6.90362548828125
-7.183791160583496
-7.272233009338379
-7.725043296813965
-7.612257480621338
-7.206489562988281
-6.963830471038818
-7.220795154571533
-7.412618160247803
-7.141732692718506
-7.694309234619141
-7.197395324707031
-7.103886127471924
-7.552552223205566
-7.219233989715576
-7.495919704437256
-7.105560779571533
-7.0996198654174805
-7.580490589141846
-7.074284553527832
-7.1907734870910645
-6.862423896789551
-7.276638031005859
-7.130414962768555
-7.205929756164551
-7.552973747253418
-6.69735050201416
-7.393721103668213
-7.328013896942139
-6.744632244110107
-7.318139553070068
-7.469786643981934
-7.395479679107666
-7.1839094161987305
-7.055300235748291
-6.901106834411621
-7.530433654785156
-7.0291547775268555
-7.475327014923096
-7.482716083526611
-7.554609775543213
-7.543876647949219
-7.121708869934082
-7.371208190917969
-7.370433807373047
-7.5728278160095215
-7.41586446762085
-7.475635528564453
-7.545562744140625
-7.450812816619873
-7.253154277801514
-7.348825931549072
-7.089752197265625
-7.483896732330322
-6.944188117980957
-7.588809967041016
-7.472802639007568
-7.666446685791016
-7.857507228851318
-6.708077907562256
-7.338189125061035
-7.273902416229248
-7.416762828826904
-7.648997783660889
-7.201902866363525
-7.648029327392578
-7.601181507110596
-7.676284313201904
-7.289859771728516
-7.329387187957764
-7.443546295166016
-7.656552791595459
-7.2040791511535645
-7.344361305236816
-7.539680004119873
-7.429600238800049
-7.523662090301514
-7.3069987297058105
-7.685543060302734
-7.658520698547363
-7.308389186859131
-7.368768215179443
-7.32154655456543
-7.591914653778076
-7.100592136383057
-7.416537761688232
-7.704433441162109
-7.330413341522217
-7.226950168609619
-7.1850810050964355
-7.4142165184021
-7.58560848236084
-7.487081050872803
-7.58339786529541
-7.714443683624268
-7.293001651763916
-7.361959457397461
-7.59035587310791
-7.422146797180176
-7.586324691772461
-7.743508815765381
-7.31439208984375
-7.293115139007568
-7.175940990447998
-7.572919845581055
-7.415564060211182
-7.287426948547363
-7.349146842956543
-7.6432905197143555
-7.591310977935791
-7.510798454284668
-7.539219379425049
-7.617353916168213
-7.655918598175049
-7.959005355834961
-7.349239826202393
-7.0076584815979
-7.043545722961426
-7.244760513305664
-7.257550239562988
-7.730361461639404
-7.521051406860352
-7.4105224609375
-7.15223503112793
-7.555891036987305
-7.690003871917725
-7.505722999572754
-7.574215888977051
-7.504347324371338
-7.75660514831543
-7.347094535827637
-7.6814374923706055
-7.482567310333252
-7.303001403808594
-7.4241838455200195
-7.5438947677612305
-6.883384704589844
-7.6312665939331055
-7.501699924468994
-7.672414302825928
-7.462867259979248
-7.528567790985107
-7.536962985992432
-7.452113151550293
-7.5105814933776855
-7.501725673675537
-7.663520812988281
-7.793931007385254
-7.524761199951172
-7.3658246994018555
-7.350830078125
-7.410895347595215
-7.691240310668945
-7.768496036529541
-7.29605770111084
-7.679250717163086
-7.847105503082275
-7.886956691741943
-7.668712139129639
-7.362292289733887
-7.254995346069336
-7.8186469078063965
-7.539541244506836
-7.587026596069336
-7.65240478515625
-7.327120304107666
-7.555235385894775
-7.1503825187683105
-7.612640380859375
-7.5065388679504395
-7.3818888664245605
-7.724654674530029
-7.6727213859558105
-7.412550449371338
-7.560049057006836
-7.925995349884033
-7.7444071769714355
-7.646934509277344
-7.750227451324463
-7.65045166015625
-7.580285549163818
-7.707779884338379
-7.15341329574585
-7.964302062988281
-7.3234381675720215
-7.666811943054199
-7.533841133117676
-7.627373218536377
-7.625810623168945
-7.2022809982299805
-7.726661205291748
-7.739642143249512
-7.646576881408691
-7.153994083404541
-7.762140274047852
-7.608819961547852
-7.809641361236572
-7.733399391174316
-7.646881580352783
-7.939684867858887
-7.739246845245361
-7.598326683044434
-7.629736423492432
-7.507591247558594
-7.707633972167969
-7.669267654418945
-7.764460563659668
-7.6541218757629395
-7.652532577514648
-7.623307704925537
-7.480570316314697
-7.75673770904541
-7.208896160125732
-7.801078796386719
-7.353931903839111
-7.716673851013184
-7.704578876495361
-7.637852191925049
-7.493103981018066
-7.300370216369629
-7.123776435852051
-7.772034645080566
-7.544447898864746
-7.663830757141113
-7.740792751312256
-7.483892917633057
-7.512223243713379
-7.474227428436279
-7.780280113220215
-7.366981029510498
-7.481739521026611
-7.250967025756836
-7.2751874923706055
-7.7387471199035645
-7.514706134796143
-7.203287124633789
-7.451778888702393
-7.731127738952637
-7.728377342224121
-7.6516194343566895
-7.8086066246032715
-7.739257335662842
-7.545193195343018
-7.773700714111328
-7.6078314781188965
-7.737975597381592
-7.860548973083496
-7.732144832611084
-7.768571853637695
-7.792069911956787
-7.506819248199463
-7.443859100341797
-7.669295787811279
-7.9652419090271
-7.265892028808594
-7.793474197387695
-7.896584987640381
-7.491387844085693
-7.543288707733154
-7.708732604980469
-7.732760429382324
-7.683384895324707
-7.574230194091797
-7.298191070556641
-7.734483242034912
-7.654272556304932
-7.336784839630127
-7.553784370422363
-7.616545677185059
-7.431844234466553
-7.825969219207764
-7.47959041595459
-7.855622291564941
-8.069921493530273
-7.730312347412109
-7.65191650390625
-7.626434326171875
-7.988853454589844
-7.873682975769043
-7.7136406898498535
-7.746920108795166
-7.756289482116699
-7.531071186065674
-7.474738121032715
-8.07852840423584
-7.778326034545898
-7.8817138671875
-7.6948442459106445
-7.681574821472168
-7.228179454803467
-7.585394859313965
-7.512322902679443
-7.824415683746338
-7.8716840744018555
-7.608761787414551
-7.469700336456299
-7.412341117858887
-7.831253528594971
-7.7591118812561035
-7.386778831481934
-7.4624528884887695
-7.914108753204346
-7.96640157699585
-7.542152404785156
-7.969882011413574
-7.609658718109131
-7.93710470199585
-7.639435768127441
-7.437314033508301
-7.827911853790283
-7.450155735015869
-7.84625244140625
-7.465848445892334
-7.871606826782227
-7.341375827789307
-7.991266250610352
-7.515166759490967
-7.645805358886719
-7.431519985198975
-7.649527072906494
-7.655525207519531
-7.47091007232666
-8.011246681213379
-8.1542387008667
-7.50919246673584
-7.971015453338623
-7.731383323669434
-7.821105480194092
-7.720282554626465
-7.7480998039245605
-7.847646236419678
-8.10359001159668
-7.6144185066223145
-7.8506269454956055
-7.69773006439209
-7.300806999206543
-7.678719997406006
-8.122529983520508
-7.593454360961914
-8.092501640319824
-7.602950096130371
-7.908341407775879
-7.864110946655273
-7.6932148933410645
-7.850781440734863
-7.904808521270752
-7.523067474365234
-7.859354496002197
-7.461773872375488
-7.961047172546387
-7.555388450622559
-7.923282146453857
-7.887851238250732
-7.920124530792236
-7.875039577484131
-7.746192932128906
-7.830162525177002
-8.239236831665039
-7.981696128845215
-7.788294792175293
-8.096826553344727
-7.775975227355957
-7.972209453582764
-7.826354503631592
-7.870800971984863
-7.998225212097168
-8.163500785827637
-7.544590473175049
-7.670596122741699
-7.990097522735596
-7.479412078857422
-7.702775001525879
-7.860393524169922
-7.8660078048706055
-7.945688724517822
-7.682297706604004
-7.990420341491699
-7.911026477813721
-7.928596496582031
-7.801197052001953
-8.063673973083496
-8.205513954162598
-7.886138439178467
-7.692026615142822
-7.825118541717529
-7.959254264831543
-7.6839213371276855
-8.297986030578613
-7.687522888183594
-7.573824882507324
-7.5892767906188965
-7.741213321685791
-8.091788291931152
-7.877486228942871
-7.7749834060668945
-7.579145908355713
-7.893787384033203
-8.167560577392578
-7.916184425354004
-8.143908500671387
-7.825255393981934
-7.969845294952393
-7.8457159996032715
-8.047443389892578
-8.157281875610352
-8.044807434082031
-8.134903907775879
-7.9757208824157715
-7.889089584350586
-7.940757751464844
-8.004656791687012
-7.594022274017334
-8.023478507995605
-7.510778903961182
-7.869567394256592
-7.962351322174072
-7.5409345626831055
-7.710124969482422
-8.002754211425781
-7.746849536895752
-7.781620502471924
-7.75777530670166
-7.937184810638428
-7.686868190765381
-7.622745037078857
-7.92904806137085
-7.840968608856201
-7.416018009185791
-7.709473609924316
-7.853628158569336
-7.9331254959106445
-8.153311729431152
-8.042303085327148
-7.653473377227783
-8.125808715820312
-7.765628337860107
-8.02758502960205
-7.886480331420898
-7.88309383392334
-8.114948272705078
-8.016263961791992
-8.083958625793457
-8.132169723510742
-7.901791095733643
-8.017600059509277
-7.856426239013672
-7.6930012702941895
-8.022494316101074
-7.850656032562256
-7.790484428405762
-7.977291584014893
-7.855426788330078
-7.7037272453308105
-7.987807750701904
-8.148656845092773
-7.821882247924805
-8.078023910522461
-8.079360961914062
-8.318750381469727
-7.837860107421875
-7.9965314865112305
-8.14776611328125
-7.992999076843262
-7.952643394470215
-8.053726196289062
-7.612480640411377
-8.041769981384277
-7.757843017578125
-7.922530651092529
-7.811852931976318
-8.007943153381348
-7.619015693664551
-8.125837326049805
-7.766175270080566
-8.15321159362793
-7.915771007537842
-7.812302589416504
-8.095501899719238
-8.253362655639648
-8.087641716003418
-7.86855411529541
-8.286500930786133
-7.931018829345703
-7.805588245391846
-8.145430564880371
-7.755446910858154
-7.516486644744873
-7.863692283630371
-7.942192077636719
-8.209667205810547
-7.789212226867676
-7.5559983253479
-7.962002277374268
-8.333107948303223
-7.880434513092041
-8.045059204101562
-7.985565662384033
-8.068181991577148
-8.066722869873047
-7.873520374298096
-7.757419109344482
-7.60273551940918
-7.881089687347412
-7.904804229736328
-7.815877437591553
-7.9276041984558105
-7.817148685455322
-7.719753742218018
-8.041553497314453
-7.966766357421875
-8.187664031982422
-7.750769138336182
-7.955041408538818
-7.768604278564453
-7.9388251304626465
-8.142280578613281
-8.086662292480469
-8.402422904968262
-7.921875953674316
-7.959944725036621
-7.93342399597168
-7.870886325836182
-8.229174613952637
-7.996853351593018
-7.992133617401123
-7.931197166442871
-7.938246250152588
-8.105680465698242
-7.851781845092773
-7.866491794586182
-8.262697219848633
-8.173439025878906
-8.322859764099121
-8.252960205078125
-8.017616271972656
-7.873849391937256
-7.579586505889893
-8.017033576965332
-8.050698280334473
-7.876307487487793
-8.003093719482422
-7.953278541564941
-7.593067646026611
-8.211706161499023
-8.030512809753418
-7.947761058807373
-7.945537567138672
-7.916938781738281
-7.928245544433594
-8.15473461151123
-8.212183952331543
-8.109288215637207
-8.150652885437012
-7.818631649017334
-8.039983749389648
-8.021039962768555
-8.225761413574219
-7.887082099914551
-7.959780693054199
-8.040562629699707
-8.136303901672363
-8.154431343078613
-8.205086708068848
-8.088125228881836
-8.056238174438477
-7.989892959594727
-7.93409538269043
-7.7917704582214355
-8.059012413024902
-8.124958038330078
-8.300607681274414
-8.217484474182129
-7.955098628997803
-8.356557846069336
-8.128630638122559
-7.706773281097412
-8.284263610839844
-8.191207885742188
-8.261575698852539
-8.182055473327637
-8.066783905029297
-8.244258880615234
-8.223480224609375
-8.081685066223145
-8.255287170410156
-8.004712104797363
-8.254884719848633
-8.022292137145996
-8.354092597961426
-8.047048568725586
-8.166460990905762
-7.982467174530029
-8.154248237609863
-8.156896591186523
-8.273449897766113
-7.99454402923584
-7.770253658294678
-8.172775268554688
-7.71812629699707
-8.353721618652344
-8.113290786743164
-8.250301361083984
-7.777613639831543
-8.0415620803833
-8.182282447814941
-8.111491203308105
-7.8131103515625
-8.022459030151367
-7.883124351501465
-8.066635131835938
-8.00614070892334
-8.305740356445312
-8.159844398498535
-7.920297145843506
-8.290000915527344
-8.089040756225586
-8.314204216003418
-8.2775297164917
-7.789536952972412
-8.123092651367188
-7.925848007202148
-7.993374347686768
-8.160268783569336
-8.117583274841309
-8.1621675491333
-8.175302505493164
-8.390351295471191
-7.847122669219971
-8.296534538269043
-7.9660139083862305
-8.184335708618164
-8.243646621704102
-8.044402122497559
-8.225890159606934
-8.286910057067871
-8.118888854980469
-8.126047134399414
-7.9621758460998535
-8.29024887084961
-8.318979263305664
-7.747204780578613
-8.204696655273438
-8.087747573852539
-7.799396514892578
-8.139609336853027
-8.297274589538574
-8.490731239318848
-8.272080421447754
-8.242616653442383
-8.331664085388184
-8.311455726623535
-8.418017387390137
-8.221193313598633
-8.371559143066406
-8.199420928955078
-8.2151517868042
-8.112269401550293
-8.28325080871582
-7.833691596984863
-8.020148277282715
-8.2118558883667
-8.237068176269531
-8.184370994567871
-8.47022533416748
-8.216691017150879
-8.463944435119629
-8.256787300109863
-8.171040534973145
-8.349689483642578
-8.161249160766602
-8.373586654663086
-8.517559051513672
-7.970612049102783
-8.128643989562988
-8.239093780517578
-8.360072135925293
-8.068734169006348
-7.815483570098877
-8.362495422363281
-8.360786437988281
-8.408334732055664
-8.2974214553833
-8.340095520019531
-8.26314640045166
-8.414837837219238
-8.271101951599121
-7.985926628112793
-8.502967834472656
-8.021261215209961
-8.409738540649414
-8.164135932922363
-7.955540180206299
-8.18380069732666
-8.438955307006836
-8.198901176452637
-8.093233108520508
-8.244359970092773
-8.512008666992188
-8.352510452270508
-8.173781394958496
-8.564011573791504
-8.114381790161133
-8.14999008178711
-8.245535850524902
-8.198287963867188
-8.390288352966309
-8.294297218322754
-8.375099182128906
-7.996094226837158
-8.202240943908691
-8.122980117797852
-8.267549514770508
-8.319169044494629
-7.957361221313477
-8.481505393981934
-7.6066999435424805
-8.159379005432129
-8.327238082885742
-8.424226760864258
-8.285228729248047
-8.210224151611328
-8.227622032165527
-8.445013046264648
-8.145930290222168
-8.15658187866211
-8.250213623046875
-8.354166030883789
-8.563846588134766
-8.073786735534668
-8.474720001220703
-8.16476821899414
-8.179834365844727
-8.174015998840332
-8.076513290405273
-8.043977737426758
-8.319128036499023
-8.234984397888184
-8.363662719726562
-8.340476036071777
-8.282575607299805
-8.452750205993652
-8.263886451721191
-8.187821388244629
-8.108899116516113
-8.498973846435547
-8.365023612976074
-8.376809120178223
-8.273492813110352
-8.169151306152344
-8.203705787658691
-8.105666160583496
-8.310476303100586
-8.170843124389648
-8.324217796325684
-8.013587951660156
-8.327515602111816
-8.430386543273926
-8.313396453857422
-8.508694648742676
-8.367546081542969
-8.405951499938965
-8.285189628601074
-8.048943519592285
-8.341684341430664
-8.237171173095703
-8.515286445617676
-8.149569511413574
-8.137840270996094
-8.21928596496582
-7.846116065979004
-8.374974250793457
-8.321554183959961
-8.316505432128906
-8.49299430847168
-8.279450416564941
-8.394775390625
-8.334976196289062
-8.153532981872559
-8.59012508392334
-8.361693382263184
-8.410216331481934
-8.329100608825684
-8.377126693725586
-8.391081809997559
-8.533866882324219
-8.207171440124512
-8.403426170349121
-8.484918594360352
-8.383127212524414
-8.324193954467773
-8.292913436889648
-8.276644706726074
-8.328930854797363
-8.420293807983398
-8.540923118591309
-8.471631050109863
-8.23546028137207
-8.340270042419434
-8.374902725219727
-8.26236343383789
-8.225923538208008
-7.8827595710754395
-8.550069808959961
-8.196962356567383
-8.254681587219238
-8.547440528869629
-8.210651397705078
-8.391440391540527
-8.461932182312012
-8.381128311157227
-8.396247863769531
-8.249615669250488
-8.506924629211426
-8.425796508789062
-8.470308303833008
-8.397464752197266
-7.906885147094727
-8.226032257080078
-8.188944816589355
-8.34747314453125
-8.279274940490723
-8.669527053833008
-8.132888793945312
-8.434220314025879
-8.437021255493164
-8.476749420166016
-8.564247131347656
-8.456903457641602
-8.225235939025879
-8.485542297363281
-8.395153999328613
-8.230205535888672
-8.323946952819824
-8.4225492477417
-8.46423053741455
-8.221826553344727
-8.253061294555664
-7.982809066772461
-8.241410255432129
-8.256511688232422
-8.234543800354004
-8.291536331176758
-8.430761337280273
-8.181049346923828
-8.512900352478027
-8.446452140808105
-8.388242721557617
-8.179946899414062
-8.401948928833008
-8.239336967468262
-8.391487121582031
-8.378291130065918
-8.536105155944824
-8.311304092407227
-8.529760360717773
-8.261331558227539
-8.370832443237305
-8.433833122253418
-8.088957786560059
-8.703875541687012
-8.346939086914062
-8.401294708251953
-8.649206161499023
-8.465414047241211
-8.364498138427734
-8.077027320861816
-8.439645767211914
-8.331628799438477
-8.581016540527344
-8.42409610748291
-8.539851188659668
-8.5086088180542
-8.326827049255371
-8.26270866394043
-8.303304672241211
-7.847215175628662
-8.475423812866211
-8.504470825195312
-8.208978652954102
-8.404806137084961
-8.654765129089355
-8.346517562866211
-8.66744613647461
-8.40355396270752
-8.469111442565918
-8.515007972717285
-8.169174194335938
-8.509186744689941
-8.281102180480957
-8.391752243041992
-8.035297393798828
-8.542960166931152
-8.477703094482422
-8.558825492858887
-8.241090774536133
-8.664695739746094
-8.309246063232422
-8.133513450622559
-8.390920639038086
-8.398067474365234
-8.280474662780762
-8.425573348999023
-8.472408294677734
-8.525395393371582
-8.634346961975098
-8.346275329589844
-8.171948432922363
-8.294768333435059
-8.616364479064941
-8.393939971923828
-8.597966194152832
-8.49496078491211
-8.427196502685547
-8.447755813598633
-8.655261039733887
-8.518963813781738
-8.451676368713379
-8.340771675109863
-8.395401954650879
-8.336280822753906
-8.405284881591797
-8.675044059753418
-8.661131858825684
-8.325506210327148
-8.330079078674316
-8.605183601379395
-8.339861869812012
-8.274055480957031
-8.614152908325195
-8.338135719299316
-8.225452423095703
-8.528887748718262
-8.611214637756348
-8.427990913391113
-8.256071090698242
-8.407671928405762
-8.184484481811523
-8.326639175415039
-8.344082832336426
-8.339876174926758
-8.303047180175781
-8.648111343383789
-8.647427558898926
-8.567057609558105
-8.294933319091797
-8.453645706176758
-8.312614440917969
-8.262433052062988
-8.469096183776855
-8.28721809387207
-8.477703094482422
-8.567070007324219
-8.494158744812012
-8.300002098083496
-8.40671443939209
-8.539623260498047
-8.572203636169434
-8.389074325561523
-8.448415756225586
-8.505456924438477
-8.56009292602539
-8.416386604309082
-8.523171424865723
-8.724503517150879
-8.300890922546387
-8.492473602294922
-8.416115760803223
-8.66653823852539
-8.570610046386719
-8.686985969543457
-8.630786895751953
-8.711814880371094
-8.594510078430176
-8.469346046447754
-8.396848678588867
-8.823393821716309
-8.217082023620605
-8.611899375915527
-8.575384140014648
-8.552642822265625
-8.720738410949707
-8.580456733703613
-8.578539848327637
-8.452530860900879
-8.576481819152832
-8.438654899597168
-8.413962364196777
-8.472067832946777
-8.244708061218262
-8.571138381958008
-8.384537696838379
-8.523626327514648
-8.604275703430176
-8.478461265563965
-8.457311630249023
-8.49103832244873
-8.248961448669434
-8.669455528259277
-8.589371681213379
-8.346461296081543
-8.692533493041992
-8.080954551696777
-8.432361602783203
-8.808874130249023
-8.65214729309082
-8.032735824584961
-8.513031959533691
-8.382149696350098
-8.588340759277344
-8.442564964294434
-8.632386207580566
-8.577622413635254
-8.398411750793457
-8.776802062988281
-8.341650009155273
-8.401546478271484
-8.384723663330078
-8.683242797851562
-8.610150337219238
-8.557831764221191
-8.643342971801758
-8.382644653320312
-8.386281967163086
-8.681633949279785
-8.540823936462402
-8.620941162109375
-8.701767921447754
-8.625067710876465
-8.506260871887207
-8.675451278686523
-8.527244567871094
-8.486598014831543
-8.469182968139648
-8.397168159484863
-8.560810089111328
-8.685823440551758
-8.379015922546387
-8.532957077026367
-8.62807846069336
-8.554157257080078
-8.632479667663574
-8.620379447937012
-8.490715026855469
-8.586407661437988
-8.494087219238281
-8.657583236694336
-8.613446235656738
-8.451245307922363
-8.415728569030762
-8.19699764251709
-8.45008659362793
-8.295878410339355
-8.428329467773438
-8.761693954467773
-8.484109878540039
-8.531816482543945
-8.641074180603027
-8.737860679626465
-8.524640083312988
-8.444060325622559
-8.606650352478027
-8.570195198059082
-8.435286521911621
-8.344705581665039
-8.621220588684082
-8.485601425170898
-8.543971061706543
-8.600566864013672
-8.804605484008789
-8.587571144104004
-8.542206764221191
-8.650385856628418
-8.299216270446777
-8.349346160888672
-8.675405502319336
-8.267253875732422
-8.556327819824219
-8.593132019042969
-8.511924743652344
-8.354011535644531
-8.625373840332031
-8.378741264343262
-8.401937484741211
-8.537384033203125
-8.559208869934082
-8.560669898986816
-8.594734191894531
-8.71866226196289
-8.738757133483887
-8.147997856140137
-8.549057960510254
-8.569994926452637
-8.268243789672852
-8.670665740966797
-8.603947639465332
-8.879112243652344
-8.530749320983887
-8.701484680175781
-8.603737831115723
-8.840387344360352
-8.383299827575684
-8.634191513061523
-8.387293815612793
-8.499421119689941
-8.436524391174316
-8.399567604064941
-8.659419059753418
-8.569211959838867
-8.56066608428955
-8.50715446472168
-8.52832317352295
-8.48107624053955
-8.444290161132812
-8.35955810546875
-8.68221664428711
-8.571113586425781
-8.693636894226074
-8.605504035949707
-8.513047218322754
-8.662490844726562
-8.47172737121582
-8.640836715698242
-8.731618881225586
-8.725482940673828
-8.599405288696289
-8.432212829589844
-8.637622833251953
-8.736698150634766
-8.464991569519043
-8.528450012207031
-8.632596015930176
-8.492188453674316
-8.790717124938965
-8.48119831085205
-8.690044403076172
-8.59478759765625
-8.73918628692627
-8.523650169372559
-8.760743141174316
-8.30971622467041
-8.553154945373535
-8.423417091369629
-8.232038497924805
-8.742891311645508
-8.580894470214844
-8.785083770751953
-8.666849136352539
-8.539851188659668
-8.596837997436523
-8.700779914855957
-8.49070930480957
-8.310403823852539
-8.378299713134766
-8.815018653869629
-8.526932716369629
-8.589775085449219
-8.748163223266602
-8.585665702819824
-8.704800605773926
-8.679054260253906
-8.249977111816406
-8.705911636352539
-8.475346565246582
-9.147575378417969
-8.686206817626953
-8.638750076293945
-8.660536766052246
-8.650604248046875
-8.624856948852539
-8.603713989257812
-8.554303169250488
-8.360519409179688
-8.374960899353027
-8.599374771118164
-8.749998092651367
-8.34693717956543
-8.735097885131836
-8.619765281677246
-8.6707181930542
-8.707517623901367
-8.757196426391602
-8.520641326904297
-8.690159797668457
-8.428853988647461
-8.792102813720703
-8.845102310180664
-8.92149543762207
-8.652105331420898
-8.621274948120117
-8.827692985534668
-8.612425804138184
-8.748601913452148
-8.709046363830566
-8.827670097351074
-8.382031440734863
-8.537601470947266
-8.575613975524902
-8.636608123779297
-8.691133499145508
-8.489404678344727
-8.636491775512695
-8.560028076171875
-8.594756126403809
-8.713971138000488
-8.469352722167969
-8.741999626159668
-8.660473823547363
-8.61099910736084
-8.574370384216309
-8.293391227722168
-8.788126945495605
-8.616654396057129
-8.715275764465332
-8.536066055297852
-8.630608558654785
-8.566390037536621
-8.804614067077637
-8.408235549926758
-8.778528213500977
-8.56696891784668
-8.741140365600586
-8.586915016174316
-8.58892822265625
-8.3754243850708
-8.753920555114746
-8.712559700012207
-8.666518211364746
-8.941343307495117
-8.714661598205566
-8.822422981262207
-8.514399528503418
-8.753042221069336
-8.367951393127441
-8.593515396118164
-8.786681175231934
-8.551421165466309
-8.535767555236816
-8.701449394226074
-8.621012687683105
-8.639869689941406
-8.484992980957031
-8.71877670288086
-8.414252281188965
-8.731481552124023
-8.624719619750977
-8.654282569885254
-8.675006866455078
-8.738709449768066
-8.598868370056152
-8.792206764221191
-8.62217903137207
-8.71477222442627
-8.845297813415527
-8.55826187133789
-8.558478355407715
-8.475502014160156
-8.524246215820312
-8.906686782836914
-8.842374801635742
-8.56736946105957
-8.739313125610352
-8.538830757141113
-8.42947769165039
-8.633590698242188
-8.576438903808594
-8.587014198303223
-8.567194938659668
-8.613879203796387
-8.643921852111816
-8.639158248901367
-8.499063491821289
-8.638344764709473
-8.646841049194336
-8.702038764953613
-8.705571174621582
-8.944978713989258
-8.80623722076416
-8.757040977478027
-8.474125862121582
-8.456399917602539
-8.710497856140137
-8.656872749328613
-8.738895416259766
-8.684382438659668
-8.548871040344238
-8.73180866241455
-8.762616157531738
-8.653352737426758
-8.714919090270996
-8.844764709472656
-8.679688453674316
-9.002176284790039
-8.590902328491211
-8.887718200683594
-8.67923355102539
-8.928166389465332
-8.554817199707031
-8.755151748657227
-8.905328750610352
-8.927840232849121
-8.583721160888672
-8.494912147521973
-8.751771926879883
-8.730775833129883
-8.655472755432129
-8.72911548614502
-8.751540184020996
-8.747385025024414
-8.659778594970703
-8.543051719665527
-8.798364639282227
-8.427867889404297
-8.519133567810059
-8.607609748840332
-8.454216003417969
-8.511937141418457
-8.652861595153809
-8.603663444519043
-8.672530174255371
-8.702011108398438
-8.7478609085083
-8.496241569519043
-8.616935729980469
-8.570128440856934
-8.478174209594727
-8.625753402709961
-8.772588729858398
-8.897767066955566
-8.748818397521973
-8.496734619140625
-8.64181137084961
-8.986836433410645
-8.483591079711914
-8.627766609191895
-8.753469467163086
-8.74023151397705
-8.707695960998535
-8.763463020324707
-8.67517375946045
-8.546365737915039
-8.667990684509277
-8.459299087524414
-8.63796329498291
-8.77636432647705
-8.632312774658203
-8.752379417419434
-8.855993270874023
-8.78980827331543
-8.800484657287598
-8.828581809997559
-8.816203117370605
-8.845097541809082
-8.832951545715332
-8.507969856262207
-8.703252792358398
-8.946199417114258
-8.640146255493164
-8.704294204711914
-8.682199478149414
-8.498254776000977
-8.896897315979004
-8.727668762207031
-8.755152702331543
-8.626108169555664
-8.616129875183105
-8.778367042541504
-8.660820007324219
-8.737785339355469
-8.70654582977295
-8.451408386230469
-8.442723274230957
-8.788278579711914
-8.587686538696289
-8.651193618774414
-8.797992706298828
-8.442464828491211
-8.733196258544922
-8.573709487915039
-8.651870727539062
-8.721115112304688
-8.681524276733398
-8.681605339050293
-8.364355087280273
-8.4996919631958
-8.890670776367188
-8.83702278137207
-8.649249076843262
-8.731062889099121
-8.689882278442383
-8.64736270904541
-8.580404281616211
-8.587120056152344
-8.386087417602539
-8.699033737182617
-8.757527351379395
-8.485313415527344
-8.784468650817871
-8.862364768981934
-8.738266944885254
-8.427963256835938
-8.644432067871094
-8.615030288696289
-8.542953491210938
-8.773482322692871
-8.692718505859375
-8.820707321166992
-8.692292213439941
-8.798418998718262
-8.740921020507812
-8.531922340393066
-8.396516799926758
-8.890225410461426
-8.74626636505127
-8.828570365905762
-8.878393173217773
-8.691433906555176
-8.76756477355957
-8.832056045532227
-8.57718276977539
-7.758677005767822
-8.559268951416016
-8.751038551330566
-8.864422798156738
-8.600029945373535
-8.724257469177246
-8.81296157836914
-8.689647674560547
-8.523723602294922
-8.872739791870117
-8.359951972961426
-8.74659538269043
-8.639126777648926
-8.691235542297363
-8.873571395874023
-8.887443542480469
-8.78877067565918
-8.932113647460938
-8.749913215637207
-8.749262809753418
-8.502554893493652
-8.663996696472168
-8.794028282165527
-8.863748550415039
-8.828604698181152
-8.690898895263672
-8.739799499511719
-8.657927513122559
-8.835494041442871
-8.725081443786621
-8.686386108398438
-8.629942893981934
-8.599444389343262
-8.82792854309082
-8.880242347717285
-8.797002792358398
-8.764933586120605
-8.680583953857422
-8.840890884399414
-8.734258651733398
-8.807570457458496
-8.924891471862793
-8.382913589477539
-8.605182647705078
-8.930362701416016
-8.667135238647461
-8.720051765441895
-8.69799518585205
-8.846614837646484
-8.706940650939941
-8.417389869689941
-8.698874473571777
-8.618521690368652
-8.698210716247559
-8.611082077026367
-8.767898559570312
-8.749465942382812
-8.898611068725586
-8.71548843383789
-8.675705909729004
-8.710569381713867
-8.809581756591797
-8.744524955749512
-9.029322624206543
-8.7131929397583
-8.764654159545898
-8.818572998046875
-8.752677917480469
-8.791769981384277
-8.360682487487793
-8.623239517211914
-8.813918113708496
-8.520781517028809
-8.607943534851074
-8.728289604187012
-8.548434257507324
-8.628418922424316
-8.538619041442871
-8.724220275878906
-8.885037422180176
-8.829005241394043
-8.582013130187988
-8.63657283782959
-8.554655075073242
-8.760058403015137
-8.947378158569336
-8.93051528930664
-8.722847938537598
-8.727700233459473
-8.788932800292969
-8.700420379638672
-8.774353981018066
-8.590781211853027
-8.655350685119629
-8.679852485656738
-8.981184959411621
-8.957079887390137
-8.904986381530762
-8.90347671508789
-8.66053295135498
-8.614493370056152
-8.755565643310547
-8.7982816696167
-8.738451957702637
-8.626251220703125
-8.832141876220703
-8.78498363494873
-8.688314437866211
-8.757331848144531
-8.8079833984375
-8.771153450012207
-8.846817970275879
-8.862971305847168
-8.635663032531738
-8.801319122314453
-8.889530181884766
-8.703216552734375
-9.0607328414917
-8.877314567565918
-8.728009223937988
-8.814163208007812
-8.670217514038086
-8.841338157653809
-8.651388168334961
-8.830355644226074
-8.96155071258545
-8.690474510192871
-8.786829948425293
-7.303544998168945
-8.745468139648438
-8.937533378601074
-8.8168363571167
-8.698979377746582
-8.804883003234863
-8.693312644958496
-8.767364501953125
-8.83340835571289
-8.50214672088623
-8.843119621276855
-8.818819999694824
-8.896830558776855
-8.647016525268555
-8.843832969665527
-8.577191352844238
-8.805185317993164
-8.673410415649414
-9.035386085510254
-8.918191909790039
-8.723106384277344
-8.533355712890625
-8.824399948120117
-8.887758255004883
-8.977746963500977
-8.733885765075684
-8.655424118041992
-8.935964584350586
-8.96794319152832
-8.834911346435547
-8.764647483825684
-8.838159561157227
-8.490958213806152
-8.6810941696167
-8.720800399780273
-8.626055717468262
-8.672073364257812
-8.748465538024902
-8.873167037963867
-8.6493501663208
-8.890154838562012
-8.820569038391113
-8.850312232971191
-8.671789169311523
-8.871437072753906
-8.976821899414062
-8.846312522888184
-8.873985290527344
-8.850581169128418
-8.829307556152344
-8.796394348144531
-8.921961784362793
-8.69814395904541
-8.496310234069824
-8.732080459594727
-8.608075141906738
-8.983518600463867
-8.621289253234863
-8.795414924621582
-8.827093124389648
-8.745478630065918
-8.778298377990723
-8.747406005859375
-8.774675369262695
-8.508458137512207
-8.846121788024902
-9.012419700622559
-8.860851287841797
-8.821198463439941
-8.949234962463379
-8.580957412719727
-8.99106216430664
-8.759775161743164
-8.721871376037598
-8.864217758178711
-8.765971183776855
-8.975722312927246
-9.014907836914062
-8.989507675170898
-8.78753662109375
-8.755836486816406
-8.784360885620117
-8.863825798034668
-8.860074996948242
-8.875906944274902
-8.689284324645996
-8.721736907958984
-8.854435920715332
-8.763392448425293
-8.768505096435547
-8.851016998291016
-8.991586685180664
-8.609903335571289
-8.828947067260742
-8.726458549499512
-8.762445449829102
-8.912166595458984
