0 6.419792652130127
1 6.834074974060059
2 4.948256492614746
3 8.227194786071777
4 5.606834411621094
5 6.370622634887695
6 6.588985443115234
7 5.133845806121826
8 6.599826812744141
9 5.843194007873535
10 5.199121952056885
11 5.574863433837891
12 6.124412536621094
13 7.505667686462402
14 7.134840488433838
15 7.267160415649414
16 6.390428066253662
17 5.669758319854736
18 6.267837047576904
19 5.571549892425537
20 5.809165000915527
21 5.252188682556152
22 6.094507694244385
23 5.333367347717285
24 5.616303443908691
25 3.846702814102173
26 5.5076584815979
27 3.376347303390503
28 5.13455057144165
29 6.827702045440674
30 4.66048002243042
31 6.293082237243652
32 5.778662204742432
33 6.27986478805542
34 5.457071304321289
35 4.852250576019287
36 3.968109130859375
37 4.621668815612793
38 6.643360614776611
39 6.489890098571777
40 5.517434597015381
41 5.458536148071289
42 3.8603527545928955
43 5.603850841522217
44 4.509507179260254
45 5.184869289398193
46 4.899843215942383
47 5.105839252471924
48 6.502074241638184
49 5.50442361831665
50 5.100004196166992
51 5.925516128540039
52 4.533759117126465
53 5.557229995727539
54 4.872315406799316
55 5.726030349731445
56 5.48507022857666
57 3.917839527130127
58 4.389795780181885
59 3.2365806102752686
60 4.163047790527344
61 4.088188171386719
62 5.984755039215088
63 2.777907609939575
64 3.3397626876831055
65 4.336236000061035
66 4.851589202880859
67 3.8676974773406982
68 3.4581120014190674
69 3.3035247325897217
70 4.086764335632324
71 3.659649610519409
72 3.03255033493042
73 5.151745796203613
74 4.248748302459717
75 4.855868339538574
76 4.549178123474121
77 4.178505897521973
78 3.6022465229034424
79 4.842210292816162
80 3.5733420848846436
81 4.923664569854736
82 2.6009273529052734
83 4.543734073638916
84 4.7757391929626465
85 3.8651342391967773
86 4.498991012573242
87 4.060956001281738
88 4.05161190032959
89 4.414714336395264
90 4.4412946701049805
91 3.8883044719696045
92 4.970563888549805
93 4.2236127853393555
94 3.464893341064453
95 3.6159257888793945
96 3.980768918991089
97 3.145185947418213
98 2.9584085941314697
99 3.7212955951690674
100 4.519675254821777
101 3.11739182472229
102 4.126036643981934
103 4.518769264221191
104 2.745043992996216
105 3.7483479976654053
106 3.586226224899292
107 4.521729946136475
108 3.793790817260742
109 3.5184500217437744
110 4.3119964599609375
111 2.9700229167938232
112 4.213818550109863
113 3.4598309993743896
114 2.886934280395508
115 3.6118381023406982
116 2.9791371822357178
117 4.309065341949463
118 4.21293306350708
119 2.70854115486145
120 3.545891046524048
121 3.894725799560547
122 3.7012619972229004
123 3.935353994369507
124 3.7600314617156982
125 3.32279109954834
126 3.5160903930664062
127 3.2330973148345947
128 3.1435916423797607
129 3.8852272033691406
130 3.153661012649536
131 3.687448740005493
132 2.7984824180603027
133 3.797321319580078
134 3.039716958999634
135 3.8797454833984375
136 3.6672091484069824
137 3.80389142036438
138 3.4735665321350098
139 3.593082904815674
140 4.1220784187316895
141 4.011742115020752
142 4.4408721923828125
143 3.091123580932617
144 3.3079705238342285
145 4.0738115310668945
146 2.5679473876953125
147 3.6675562858581543
148 4.310866355895996
149 2.60483980178833
150 3.2976908683776855
151 3.5887043476104736
152 3.486978769302368
153 3.665543794631958
154 3.3910725116729736
155 3.381906032562256
156 2.942307710647583
157 3.1303298473358154
158 3.3257908821105957
159 3.3422837257385254
160 3.654416084289551
161 3.7402803897857666
162 3.4246957302093506
163 3.6018729209899902
164 2.7636523246765137
165 3.165835380554199
166 3.1155877113342285
167 3.517467737197876
168 3.1437017917633057
169 3.0422093868255615
170 2.4542863368988037
171 3.355004072189331
172 2.813845157623291
173 2.7693662643432617
174 2.586738348007202
175 3.284695863723755
176 2.7594034671783447
177 2.934771776199341
178 3.598534107208252
179 3.0262513160705566
180 3.2385547161102295
181 3.586636543273926
182 3.25079345703125
183 2.968510389328003
184 3.0393970012664795
185 3.4693069458007812
186 3.649385929107666
187 3.1127090454101562
188 3.025036573410034
189 2.9868581295013428
190 2.84792160987854
191 3.7124521732330322
192 3.1079916954040527
193 2.803208827972412
194 2.8750011920928955
195 3.5990843772888184
196 3.2176084518432617
197 2.814815044403076
198 3.3872787952423096
199 3.7447800636291504
200 2.935774803161621
201 3.3511221408843994
202 3.199612617492676
203 3.076367139816284
204 3.342083692550659
205 2.9843647480010986
206 3.2720494270324707
207 3.2608227729797363
208 3.216198682785034
209 3.433676242828369
210 2.9733736515045166
211 2.714620590209961
212 3.189941644668579
213 3.2826244831085205
214 2.908013343811035
215 3.531909704208374
216 3.465614080429077
217 3.223188877105713
218 3.278791904449463
219 3.618713855743408
220 2.7718138694763184
221 2.6232571601867676
222 2.843156337738037
223 3.370436906814575
224 3.1496388912200928
225 2.8148279190063477
226 3.1485886573791504
227 3.3887906074523926
228 2.957110643386841
229 2.9852771759033203
230 4.020615577697754
231 2.4106147289276123
232 3.090914487838745
233 3.1832966804504395
234 3.2264769077301025
235 3.3871748447418213
236 2.905778169631958
237 3.3583741188049316
238 2.6781392097473145
239 3.092524528503418
240 3.248652696609497
241 3.508342981338501
242 2.714787483215332
243 2.786973476409912
244 3.2443761825561523
245 3.073683977127075
246 2.7562484741210938
247 3.329198122024536
248 3.4990346431732178
249 3.309534788131714
250 3.5356178283691406
251 3.2400577068328857
252 2.9797606468200684
253 2.982156753540039
254 2.19348406791687
255 2.760014533996582
256 3.526991844177246
257 2.7914175987243652
258 2.2427077293395996
259 3.3906497955322266
260 3.2357866764068604
261 2.8367080688476562
262 3.0782883167266846
263 3.0184173583984375
264 2.4088871479034424
265 2.19346284866333
266 2.4933345317840576
267 3.902977705001831
268 2.2864835262298584
269 3.4789886474609375
270 2.0923006534576416
271 3.9222569465637207
272 2.970487117767334
273 3.362633466720581
274 3.3418989181518555
275 3.0627095699310303
276 2.1251814365386963
277 2.7289938926696777
278 2.791111707687378
279 3.382542610168457
280 3.4022979736328125
281 3.62850284576416
282 3.484686851501465
283 3.4556736946105957
284 3.0392184257507324
285 2.567556381225586
286 2.9204914569854736
287 2.4628775119781494
288 3.4556376934051514
289 2.478043556213379
290 3.1651875972747803
291 2.962318181991577
292 2.2232017517089844
293 3.6102406978607178
294 2.568410873413086
295 2.743258237838745
296 2.440192461013794
297 3.367690086364746
298 3.1440491676330566
299 3.0876941680908203
300 2.9612114429473877
301 3.201781749725342
302 2.330688238143921
303 3.2121293544769287
304 2.941917657852173
305 2.866518974304199
306 3.252847909927368
307 2.805955648422241
308 2.9005415439605713
309 3.04897403717041
310 2.915210723876953
311 2.7187349796295166
312 2.61326265335083
313 3.0866312980651855
314 3.2233407497406006
315 2.5210862159729004
316 3.1196374893188477
317 2.676097869873047
318 2.6878275871276855
319 2.490781307220459
320 3.0141654014587402
321 2.4650845527648926
322 2.737483501434326
323 2.968183994293213
324 3.0201916694641113
325 2.274336576461792
326 2.7618985176086426
327 2.647160053253174
328 2.9359309673309326
329 3.310260057449341
330 1.892219066619873
331 3.09250545501709
332 2.836585760116577
333 1.870944857597351
334 2.76904559135437
335 2.1442184448242188
336 2.7918741703033447
337 2.665816307067871
338 2.2762808799743652
339 2.9894859790802
340 2.7447781562805176
341 2.652740240097046
342 2.999001979827881
343 2.903549909591675
344 2.8087475299835205
345 3.264777421951294
346 2.7371182441711426
347 2.202820301055908
348 2.7786495685577393
349 2.900987386703491
350 2.678067207336426
351 2.437436580657959
352 2.2879562377929688
353 2.895350217819214
354 2.2077226638793945
355 2.1263294219970703
356 2.6662814617156982
357 2.749040126800537
358 2.8089232444763184
359 3.0135695934295654
360 2.7624597549438477
361 2.843336820602417
362 2.685689926147461
363 3.1124184131622314
364 2.9679696559906006
365 2.8390414714813232
366 2.794370174407959
367 1.8706789016723633
368 2.3664636611938477
369 2.727102279663086
370 3.2629828453063965
371 2.37695574760437
372 2.7865474224090576
373 2.3662638664245605
374 2.223038673400879
375 2.7087278366088867
376 2.515411376953125
377 2.4746956825256348
378 3.095719814300537
379 2.83217191696167
380 3.0986907482147217
381 2.2082221508026123
382 2.4460179805755615
383 2.4590015411376953
384 2.4910285472869873
385 2.4174153804779053
386 2.6157419681549072
387 2.253026247024536
388 2.9438700675964355
389 2.2404167652130127
390 2.8929672241210938
391 3.031262159347534
392 2.4276607036590576
393 2.8541743755340576
394 1.8188310861587524
395 2.538405418395996
396 2.1704587936401367
397 2.353027820587158
398 2.307556390762329
399 2.468226194381714
400 2.4897115230560303
401 2.7222518920898438
402 2.735902786254883
403 2.2932958602905273
404 2.0503015518188477
405 2.5347161293029785
406 2.6618826389312744
407 2.9664154052734375
408 2.7276360988616943
409 2.524807929992676
410 2.515465259552002
411 2.578796625137329
412 2.002518892288208
413 2.687486171722412
414 2.3438525199890137
415 2.5126829147338867
416 3.0702409744262695
417 2.4212186336517334
418 2.7270941734313965
419 2.6402900218963623
420 2.309009075164795
421 2.551455497741699
422 2.4437286853790283
423 2.246713399887085
424 2.697089910507202
425 2.8555448055267334
426 2.704497814178467
427 2.554868221282959
428 2.866640329360962
429 2.2991318702697754
430 2.5106544494628906
431 2.4146931171417236
432 2.5164942741394043
433 2.5066134929656982
434 2.487180471420288
435 2.715557098388672
436 2.1581368446350098
437 2.855468273162842
438 2.9743340015411377
439 2.6296439170837402
440 2.2443289756774902
441 2.7465035915374756
442 2.7424352169036865
443 2.8371694087982178
444 2.4452712535858154
445 3.0214028358459473
446 2.2873921394348145
447 2.479499578475952
448 2.364990234375
449 2.3539438247680664
450 2.2878150939941406
451 2.372148275375366
452 2.5393877029418945
453 2.1880555152893066
454 2.5138204097747803
455 2.2103612422943115
456 2.6250030994415283
457 2.4042820930480957
458 2.5098772048950195
459 2.6389882564544678
460 2.669499397277832
461 2.2814559936523438
462 2.4024500846862793
463 1.8721729516983032
464 2.5917797088623047
465 2.530385971069336
466 2.547470808029175
467 1.99984610080719
468 2.1271793842315674
469 2.2200160026550293
470 2.159998893737793
471 2.0958573818206787
472 2.4617881774902344
473 2.3002002239227295
474 2.579162120819092
475 2.0162193775177
476 2.1060173511505127
477 2.5213937759399414
478 2.4200985431671143
479 1.8611876964569092
480 2.230971574783325
481 2.035604953765869
482 2.4383997917175293
483 2.208587884902954
484 2.517279863357544
485 2.391890287399292
486 2.061711072921753
487 2.362715721130371
488 1.8350006341934204
489 2.26554012298584
490 2.1250903606414795
491 2.0976500511169434
492 2.188213348388672
493 2.558622121810913
494 1.6654720306396484
495 2.406764268875122
496 2.209487199783325
497 2.229022741317749
498 2.663816213607788
499 1.9404399394989014
500 2.1716537475585938
501 1.9623637199401855
502 2.786868095397949
503 1.9431254863739014
504 2.2936840057373047
505 2.307159423828125
506 2.1657395362854004
507 1.6858749389648438
508 2.630601406097412
509 2.265408754348755
510 2.134209394454956
511 1.7667481899261475
512 2.5852880477905273
513 2.3369863033294678
514 2.1354939937591553
515 2.098625659942627
516 2.0655503273010254
517 2.867351531982422
518 1.8369159698486328
519 2.3105452060699463
520 1.83644437789917
521 2.37129807472229
522 2.009456157684326
523 2.0424070358276367
524 2.5798940658569336
525 2.6026878356933594
526 2.5538249015808105
527 1.9092105627059937
528 2.3091084957122803
529 2.04748272895813
530 1.9168038368225098
531 2.4417521953582764
532 1.9473215341567993
533 2.457118511199951
534 2.059758424758911
535 1.9888439178466797
536 2.4901204109191895
537 1.8790260553359985
538 1.9024478197097778
539 2.4557247161865234
540 2.4062135219573975
541 2.165118455886841
542 1.9884753227233887
543 2.1158392429351807
544 1.921736478805542
545 1.7847455739974976
546 2.091526508331299
547 2.2332139015197754
548 2.265718936920166
549 1.8168513774871826
550 2.2622992992401123
551 2.1272566318511963
552 1.9633846282958984
553 2.6804375648498535
554 2.282681465148926
555 2.4467780590057373
556 2.6862761974334717
557 2.1216304302215576
558 2.0647332668304443
559 1.9768646955490112
560 1.7343614101409912
561 2.05383563041687
562 1.7340365648269653
563 2.2808310985565186
564 2.189389705657959
565 1.9247750043869019
566 2.501150608062744
567 2.4545280933380127
568 2.464979410171509
569 2.0925168991088867
570 2.4109249114990234
571 2.626927614212036
572 2.2995338439941406
573 1.8910223245620728
574 2.149320602416992
575 2.4279584884643555
576 2.0321483612060547
577 2.2199697494506836
578 1.8105164766311646
579 2.402045965194702
580 2.140511989593506
581 2.085123300552368
582 2.0779333114624023
583 2.300405263900757
584 2.3486855030059814
585 2.5294406414031982
586 1.9086343050003052
587 2.432056427001953
588 2.2507381439208984
589 2.2046711444854736
590 2.1573503017425537
591 2.2295584678649902
592 1.9407756328582764
593 2.046003580093384
594 2.244513750076294
595 1.799887776374817
596 2.239971399307251
597 2.1189522743225098
598 2.5211832523345947
599 1.9999524354934692
600 2.5072638988494873
601 2.298677921295166
602 2.390096426010132
603 2.0881476402282715
604 2.163809299468994
605 1.739650011062622
606 2.3008499145507812
607 2.208122730255127
608 1.91379714012146
609 2.399846076965332
610 2.2229692935943604
611 2.0565099716186523
612 2.0221543312072754
613 1.9921942949295044
614 1.9428086280822754
615 1.9651329517364502
616 1.9241487979888916
617 2.155104875564575
618 1.888859748840332
619 2.0449059009552
620 2.298659563064575
621 1.8535813093185425
622 2.1616687774658203
623 2.1205849647521973
624 1.842963457107544
625 2.085469961166382
626 2.252509355545044
627 2.260141134262085
628 1.8643656969070435
629 1.7483853101730347
630 2.105729341506958
631 2.1764838695526123
632 2.406392812728882
633 2.241527557373047
634 2.7262229919433594
635 2.0605814456939697
636 2.0466511249542236
637 2.0427744388580322
638 2.4881961345672607
639 2.4679198265075684
640 1.903414249420166
641 2.111180305480957
642 1.987215280532837
643 2.3278448581695557
644 2.33536434173584
645 1.682814598083496
646 2.09529185295105
647 2.025662899017334
648 2.1306862831115723
649 1.9261212348937988
650 2.396069049835205
651 2.187410593032837
652 2.2245681285858154
653 2.1671085357666016
654 2.1861510276794434
655 2.051079511642456
656 1.79908287525177
657 2.0521764755249023
658 1.8533282279968262
659 1.7522096633911133
660 1.8467074632644653
661 1.9202303886413574
662 2.0773444175720215
663 1.896376132965088
664 2.292168140411377
665 2.550621509552002
666 1.8009852170944214
667 2.2251715660095215
668 2.077725410461426
669 2.140314817428589
670 2.3420329093933105
671 2.0496373176574707
672 2.4970381259918213
673 2.4043381214141846
674 2.038839817047119
675 2.1925883293151855
676 1.9192383289337158
677 1.9861897230148315
678 2.2353227138519287
679 1.938760757446289
680 2.080889940261841
681 2.6496119499206543
682 2.074265241622925
683 2.3942103385925293
684 2.283033609390259
685 2.0358853340148926
686 2.3738253116607666
687 1.8525948524475098
688 2.113445520401001
689 2.0733542442321777
690 2.041390895843506
691 1.8599504232406616
692 2.1092724800109863
693 2.132481575012207
694 2.258002519607544
695 2.42172908782959
696 2.2943263053894043
697 2.096864700317383
698 2.1308083534240723
699 2.4740426540374756
700 1.8217134475708008
701 2.1116278171539307
702 2.009486436843872
703 2.015329122543335
704 1.8068760633468628
705 1.9776157140731812
706 2.030367612838745
707 2.2691690921783447
708 2.270110607147217
709 2.528529167175293
710 1.7209433317184448
711 1.8920130729675293
712 2.029695749282837
713 2.161048412322998
714 1.6576381921768188
715 2.5691535472869873
716 2.0926449298858643
717 1.8529293537139893
718 2.1548712253570557
719 1.8676072359085083
720 1.9686238765716553
721 1.867034673690796
722 1.896375298500061
723 2.2898385524749756
724 2.5468204021453857
725 2.048203468322754
726 1.718490719795227
727 2.053568124771118
728 2.3510711193084717
729 2.3919155597686768
730 2.2281949520111084
731 1.874332070350647
732 2.1923229694366455
733 2.0371789932250977
734 2.025296926498413
735 1.947660207748413
736 1.9437981843948364
737 2.450294256210327
738 2.0532596111297607
739 2.0144779682159424
740 2.178948163986206
741 2.3055551052093506
742 2.150836706161499
743 2.2439146041870117
744 1.8098187446594238
745 2.348464250564575
746 1.9802422523498535
747 1.8862088918685913
748 2.23811936378479
749 2.2335004806518555
750 1.7463984489440918
751 2.574640989303589
752 1.9221104383468628
753 2.0892789363861084
754 2.0190012454986572
755 2.4919416904449463
756 1.8619284629821777
757 1.916628360748291
758 1.8963090181350708
759 2.059976100921631
760 2.1368789672851562
761 2.0846383571624756
762 1.9891108274459839
763 2.0701754093170166
764 2.0685832500457764
765 1.588951826095581
766 1.997916579246521
767 2.1650683879852295
768 2.3725674152374268
769 1.7492783069610596
770 2.185671329498291
771 1.9104197025299072
772 2.4046101570129395
773 2.167484760284424
774 1.8266942501068115
775 2.0465710163116455
776 1.897473692893982
777 2.283806085586548
778 1.9257824420928955
779 2.561262607574463
780 1.7861143350601196
781 1.9050884246826172
782 2.168766975402832
783 1.8315104246139526
784 1.8264833688735962
785 2.1287407875061035
786 2.116983413696289
787 2.0081088542938232
788 1.9231384992599487
789 1.8609687089920044
790 2.153196334838867
791 2.356379270553589
792 1.8676825761795044
793 1.8398396968841553
794 1.8826804161071777
795 2.4276974201202393
796 1.9097847938537598
797 1.8822906017303467
798 2.309248685836792
799 2.024097204208374
800 2.1055212020874023
801 2.464543581008911
802 1.9058951139450073
803 1.958870768547058
804 2.1103298664093018
805 2.5774495601654053
806 2.227168083190918
807 1.9155166149139404
808 2.111037015914917
809 2.2756173610687256
810 2.2589480876922607
811 2.031740188598633
812 1.8968836069107056
813 2.1195919513702393
814 1.9841252565383911
815 2.040619134902954
816 2.3403449058532715
817 2.139735460281372
818 2.22782826423645
819 2.881037473678589
820 1.8457515239715576
821 2.2609570026397705
822 2.543393850326538
823 1.9478033781051636
824 2.1518304347991943
825 1.942049264907837
826 1.9720922708511353
827 2.2393858432769775
828 1.9585915803909302
829 1.8681414127349854
830 2.1391985416412354
831 1.9629842042922974
832 2.221792221069336
833 1.944055199623108
834 2.2485945224761963
835 1.8591281175613403
836 2.393099069595337
837 2.078411340713501
838 2.269533395767212
839 2.0599093437194824
840 2.180896282196045
841 2.425748825073242
842 2.2234530448913574
843 1.960469126701355
844 2.4852066040039062
845 2.3171489238739014
846 1.6681106090545654
847 1.7494210004806519
848 2.0563836097717285
849 2.205817222595215
850 1.8375173807144165
851 1.9974291324615479
852 1.6320581436157227
853 1.5675864219665527
854 2.6030633449554443
855 1.8493131399154663
856 1.9757024049758911
857 2.3417954444885254
858 2.025388240814209
859 2.486652135848999
860 1.8835015296936035
861 1.8779511451721191
862 2.1403324604034424
863 2.312537670135498
864 2.0992515087127686
865 2.0126800537109375
866 2.2978997230529785
867 1.9611599445343018
868 1.8051269054412842
869 2.0508909225463867
870 1.7019290924072266
871 1.8759024143218994
872 2.630797863006592
873 2.022382974624634
874 2.044530153274536
875 1.5367324352264404
876 2.207918167114258
877 2.178802251815796
878 2.0400681495666504
879 1.8810402154922485
880 1.885347843170166
881 1.682723045349121
882 1.9972155094146729
883 1.9722058773040771
884 2.096311092376709
885 1.975357174873352
886 2.1461851596832275
887 2.3528409004211426
888 2.2166097164154053
889 1.9906672239303589
890 1.9192779064178467
891 1.8020955324172974
892 1.75810968875885
893 2.134169578552246
894 1.9259487390518188
895 2.105989456176758
896 1.7269856929779053
897 1.693312168121338
898 1.9270108938217163
899 1.7534278631210327
900 1.937129020690918
901 1.9605913162231445
902 2.29927134513855
903 1.9275106191635132
904 1.8035399913787842
905 1.6580591201782227
906 1.673338770866394
907 2.0194737911224365
908 2.1042158603668213
909 2.224973678588867
910 1.8048381805419922
911 1.6954145431518555
912 2.189603805541992
913 1.9283466339111328
914 1.9412449598312378
915 2.111809492111206
916 2.040412187576294
917 1.6413798332214355
918 1.9168510437011719
919 2.035780191421509
920 1.9137957096099854
921 2.0312936305999756
922 2.1527345180511475
923 2.2412548065185547
924 1.9934240579605103
925 2.039083480834961
926 1.9073153734207153
927 1.850454568862915
928 1.7153217792510986
929 2.041029214859009
930 2.0649428367614746
931 1.7406574487686157
932 2.3317623138427734
933 2.1731150150299072
934 2.137321710586548
935 1.862955927848816
936 2.171905755996704
937 2.000077962875366
938 1.8983211517333984
939 2.24701189994812
940 2.2604000568389893
941 1.908422589302063
942 1.8683900833129883
943 2.014125108718872
944 1.9559760093688965
945 1.6322581768035889
946 1.9389053583145142
947 2.2999815940856934
948 2.2849433422088623
949 1.822985291481018
950 1.7073838710784912
951 1.9056453704833984
952 1.8404240608215332
953 1.957963466644287
954 1.8498839139938354
955 1.8044921159744263
956 1.9386590719223022
957 2.036580801010132
958 1.6997706890106201
959 1.8206427097320557
960 1.946471929550171
961 2.1180999279022217
962 2.2504169940948486
963 1.6549028158187866
964 2.035104751586914
965 1.6071383953094482
966 1.7903262376785278
967 2.0028486251831055
968 2.2761781215667725
969 1.945106863975525
970 2.0565216541290283
971 1.5164715051651
972 2.302668571472168
973 2.0804734230041504
974 1.8335469961166382
975 1.9086910486221313
976 1.7720681428909302
977 2.168459177017212
978 1.7351584434509277
979 1.8804246187210083
980 1.7304878234863281
981 2.016488552093506
982 1.9270257949829102
983 1.9182307720184326
984 2.1204874515533447
985 1.8479927778244019
986 2.0306966304779053
987 2.273496150970459
988 1.7835612297058105
989 1.8995414972305298
990 1.768247127532959
991 1.7647734880447388
992 1.7363483905792236
993 1.9071063995361328
994 2.4420549869537354
995 1.8388248682022095
996 2.1863954067230225
997 1.8826731443405151
998 1.9871084690093994
999 2.5512874126434326
1000 2.047879219055176
1001 2.5694150924682617
1002 2.0937886238098145
1003 1.7556970119476318
1004 2.378397226333618
1005 2.0783300399780273
1006 1.5375174283981323
1007 1.8104186058044434
1008 1.9800734519958496
1009 2.0713281631469727
1010 1.9670387506484985
1011 1.8359432220458984
1012 1.9504295587539673
1013 1.9718968868255615
1014 2.022911310195923
1015 2.5671894550323486
1016 1.643618106842041
1017 1.9730035066604614
1018 1.9253113269805908
1019 2.042449474334717
1020 1.8670430183410645
1021 1.9441591501235962
1022 1.7237714529037476
1023 2.1288845539093018
1024 1.7215213775634766
1025 2.0904977321624756
1026 2.079421281814575
1027 2.0841753482818604
1028 1.7805458307266235
1029 1.8785032033920288
1030 1.9098063707351685
1031 1.949637770652771
1032 1.8126379251480103
1033 1.8643419742584229
1034 1.7751491069793701
1035 2.378561019897461
1036 1.8710731267929077
1037 2.1569833755493164
1038 1.778194546699524
1039 1.785465121269226
1040 1.8209705352783203
1041 1.6347689628601074
1042 2.1970584392547607
1043 1.6509298086166382
1044 1.8863824605941772
1045 1.6601969003677368
1046 2.1978719234466553
1047 1.8372989892959595
1048 1.6893507242202759
1049 1.7961090803146362
1050 2.036855697631836
1051 1.7897329330444336
1052 2.0724027156829834
1053 2.1651034355163574
1054 1.8647143840789795
1055 1.996176838874817
1056 2.0397984981536865
1057 1.9986335039138794
1058 1.7981849908828735
1059 1.95710027217865
1060 2.1630685329437256
1061 1.9273850917816162
1062 2.1048662662506104
1063 1.9340938329696655
1064 1.6889914274215698
1065 1.7695276737213135
1066 1.8072588443756104
1067 1.673263669013977
1068 1.8255295753479004
1069 2.086063861846924
1070 1.9838519096374512
1071 2.3546063899993896
1072 2.3488194942474365
1073 2.0299265384674072
1074 1.5940706729888916
1075 1.803876519203186
1076 1.8384790420532227
1077 2.054229497909546
1078 2.0793466567993164
1079 1.7239018678665161
1080 2.301856756210327
1081 1.8462910652160645
1082 1.6793063879013062
1083 1.6985844373703003
1084 1.8732050657272339
1085 1.6634094715118408
1086 2.1586222648620605
1087 2.184368848800659
1088 2.208249568939209
1089 1.9865039587020874
1090 1.9218015670776367
1091 2.074223756790161
1092 2.026618003845215
1093 1.7409785985946655
1094 1.71829092502594
1095 1.7024452686309814
1096 1.9094436168670654
1097 1.8185532093048096
1098 1.8787620067596436
1099 1.8094812631607056
1100 2.238661050796509
1101 1.7486759424209595
1102 1.9369843006134033
1103 2.188627243041992
1104 1.9213074445724487
1105 2.3554909229278564
1106 1.856691837310791
1107 2.193880558013916
1108 1.9213929176330566
1109 1.7989367246627808
1110 1.9200316667556763
1111 1.8956608772277832
1112 1.9842437505722046
1113 1.8258024454116821
1114 1.7404484748840332
1115 1.68366539478302
1116 1.8663125038146973
1117 1.885675311088562
1118 1.93744695186615
1119 1.8968782424926758
1120 2.2071971893310547
1121 1.9384443759918213
1122 1.676095724105835
1123 1.7113815546035767
1124 2.1474506855010986
1125 2.108896255493164
1126 1.8778138160705566
1127 1.7520464658737183
1128 1.797527551651001
1129 1.792567491531372
1130 1.9691237211227417
1131 1.8689837455749512
1132 1.7017899751663208
1133 1.8759417533874512
1134 1.914766788482666
1135 1.9296659231185913
1136 1.8137166500091553
1137 1.6984721422195435
1138 1.7940791845321655
1139 1.6731324195861816
1140 1.8042526245117188
1141 1.6099971532821655
1142 1.6652203798294067
1143 1.7587363719940186
1144 2.2553977966308594
1145 1.7761045694351196
1146 1.958835482597351
1147 2.4266862869262695
1148 1.650159478187561
1149 2.351595401763916
1150 1.6898365020751953
1151 1.890254020690918
1152 1.724908471107483
1153 1.743868112564087
1154 2.026177406311035
1155 1.7942962646484375
1156 1.9559237957000732
1157 1.6448007822036743
1158 1.8824033737182617
1159 2.112671375274658
1160 1.8224031925201416
1161 2.1147775650024414
1162 2.029956579208374
1163 1.7213579416275024
1164 1.5844860076904297
1165 1.985663890838623
1166 1.768951654434204
1167 1.8293184041976929
1168 1.7524296045303345
1169 2.096372365951538
1170 1.9373537302017212
1171 1.9804749488830566
1172 1.9173158407211304
1173 1.997573733329773
1174 1.852454662322998
1175 1.881394624710083
1176 1.7271808385849
1177 2.0547468662261963
1178 1.8943537473678589
1179 1.672473669052124
1180 1.8388781547546387
1181 1.7871239185333252
1182 2.4223949909210205
1183 1.6892118453979492
1184 1.8440818786621094
1185 2.0009396076202393
1186 2.1094424724578857
1187 1.7172555923461914
1188 1.968977928161621
1189 1.7042344808578491
1190 1.9594459533691406
1191 1.9922786951065063
1192 1.8579459190368652
1193 1.9693632125854492
1194 1.5708341598510742
1195 1.8515737056732178
1196 2.307777166366577
1197 1.8115770816802979
1198 2.058454990386963
1199 1.9392406940460205
1200 1.7988901138305664
1201 2.0788116455078125
1202 1.783183217048645
1203 1.7169907093048096
1204 2.147508144378662
1205 1.9928635358810425
1206 1.790891170501709
1207 2.199439764022827
1208 2.2584943771362305
1209 2.0254056453704834
1210 1.6503719091415405
1211 1.8432620763778687
1212 1.7533037662506104
1213 1.926586627960205
1214 2.2997798919677734
1215 1.5734363794326782
1216 2.083885669708252
1217 2.025458335876465
1218 1.810512661933899
1219 1.9135193824768066
1220 1.6666148900985718
1221 1.8622077703475952
1222 1.7810595035552979
1223 1.5514806509017944
1224 1.7935950756072998
1225 2.3979196548461914
1226 2.077816963195801
1227 2.2676784992218018
1228 1.743686556816101
1229 1.8944590091705322
1230 1.8680487871170044
1231 2.093475103378296
1232 1.9760977029800415
1233 2.219777822494507
1234 1.6082357168197632
1235 1.8516502380371094
1236 1.9064196348190308
1237 1.7878667116165161
1238 2.0433270931243896
1239 2.0124785900115967
1240 2.0670106410980225
1241 1.8130899667739868
1242 1.783711314201355
1243 2.3753137588500977
1244 1.7977359294891357
1245 2.044130563735962
1246 1.897392749786377
1247 1.7573965787887573
1248 1.7723759412765503
1249 2.271174430847168
1250 1.8055552244186401
1251 1.8955180644989014
1252 1.8531016111373901
1253 1.937996506690979
1254 2.2917723655700684
1255 1.741821050643921
1256 1.6823407411575317
1257 1.6798242330551147
1258 1.7774523496627808
1259 2.0051865577697754
1260 2.0418503284454346
1261 1.8147562742233276
1262 2.2646872997283936
1263 2.0314903259277344
1264 1.965538501739502
1265 1.8629157543182373
1266 1.9888790845870972
1267 1.713408350944519
1268 1.832878589630127
1269 1.8461977243423462
1270 1.6958571672439575
1271 2.047414541244507
1272 1.6253305673599243
1273 2.1535496711730957
1274 1.9609951972961426
1275 1.7594531774520874
1276 1.8449585437774658
1277 1.652104377746582
1278 1.888991355895996
1279 1.924475908279419
1280 1.7759453058242798
1281 1.8331727981567383
1282 1.8125700950622559
1283 1.7917534112930298
1284 2.2808799743652344
1285 2.021716356277466
1286 1.9854235649108887
1287 1.865811824798584
1288 1.8369475603103638
1289 1.9001778364181519
1290 1.7830802202224731
1291 1.8107420206069946
1292 1.9434378147125244
1293 2.0879015922546387
1294 1.6340231895446777
1295 1.8320292234420776
1296 1.8653442859649658
1297 1.8664671182632446
1298 1.849924087524414
1299 2.0347235202789307
1300 1.9767931699752808
1301 1.7513046264648438
1302 1.7562583684921265
1303 1.8778395652770996
1304 2.1321115493774414
1305 1.7546000480651855
1306 2.0515530109405518
1307 2.0494606494903564
1308 2.43129301071167
1309 2.1156468391418457
1310 1.659876823425293
1311 2.329195499420166
1312 1.7142202854156494
1313 1.714428186416626
1314 1.9667915105819702
1315 2.094831943511963
1316 2.0382840633392334
1317 1.893959879875183
1318 1.5686869621276855
1319 2.003923177719116
1320 2.0791399478912354
1321 2.25312876701355
1322 1.9404830932617188
1323 1.7655726671218872
1324 1.8748005628585815
1325 1.8688654899597168
1326 2.259880304336548
1327 2.076660394668579
1328 1.8298523426055908
1329 1.782544493675232
1330 1.897782802581787
1331 1.8366751670837402
1332 2.03603196144104
1333 2.1954779624938965
1334 1.7155455350875854
1335 2.0268805027008057
1336 1.9534047842025757
1337 1.9454090595245361
1338 1.6781362295150757
1339 1.9626001119613647
1340 1.911973237991333
1341 1.9464865922927856
1342 1.7045505046844482
1343 1.7799835205078125
1344 2.201009750366211
1345 1.7304589748382568
1346 1.6088544130325317
1347 1.8158619403839111
1348 2.0031285285949707
1349 2.176804304122925
1350 2.1347126960754395
1351 1.854207992553711
1352 1.7366905212402344
1353 1.52548348903656
1354 1.8997817039489746
1355 1.6860772371292114
1356 2.098952531814575
1357 2.0572803020477295
1358 1.7527177333831787
1359 1.7531276941299438
1360 2.032764196395874
1361 1.8874129056930542
1362 1.7993746995925903
1363 1.7972545623779297
1364 2.1374993324279785
1365 1.7709168195724487
1366 1.6711914539337158
1367 2.1392221450805664
1368 1.9482887983322144
1369 1.7915297746658325
1370 1.9074604511260986
1371 2.258917808532715
1372 1.87912118434906
1373 1.9039400815963745
1374 1.8998652696609497
1375 1.6519627571105957
1376 1.6723852157592773
1377 1.8992912769317627
1378 2.0259666442871094
1379 1.745797038078308
1380 2.135328769683838
1381 2.0555617809295654
1382 1.6005942821502686
1383 1.6991016864776611
1384 1.8697125911712646
1385 1.9477729797363281
1386 1.9562228918075562
1387 1.9489202499389648
1388 1.9495726823806763
1389 2.0215842723846436
1390 1.7812097072601318
1391 1.9046838283538818
1392 1.7097409963607788
1393 2.100388526916504
1394 2.1131832599639893
1395 1.908836841583252
1396 1.6981511116027832
1397 2.1200740337371826
1398 2.1837098598480225
1399 1.70063316822052
1400 2.153529167175293
1401 1.7402088642120361
1402 1.8260451555252075
1403 1.860878825187683
1404 1.6640111207962036
1405 1.8890546560287476
1406 2.1154050827026367
1407 2.448704957962036
1408 1.9144861698150635
1409 2.195582151412964
1410 2.2123658657073975
1411 1.805765151977539
1412 1.651207685470581
1413 1.955643653869629
1414 2.3860816955566406
1415 1.5973390340805054
1416 1.8933268785476685
1417 2.0335848331451416
1418 2.2019903659820557
1419 1.9534492492675781
1420 2.189624547958374
1421 1.7495577335357666
1422 2.07882022857666
1423 1.8400038480758667
1424 1.8836528062820435
1425 1.8795720338821411
1426 1.829506516456604
1427 2.153000593185425
1428 1.8728268146514893
1429 2.0424880981445312
1430 1.8182629346847534
1431 1.7526347637176514
1432 2.103754997253418
1433 1.9867526292800903
1434 1.7289559841156006
1435 1.9554343223571777
1436 1.996321678161621
1437 1.6806049346923828
1438 1.985060214996338
1439 1.7278072834014893
1440 1.8553060293197632
1441 1.768492341041565
1442 1.7050193548202515
1443 1.5571662187576294
1444 2.037318706512451
1445 1.994659185409546
1446 1.8058340549468994
1447 1.8051704168319702
1448 1.8047215938568115
1449 2.1934096813201904
1450 2.0137336254119873
1451 1.911434292793274
1452 2.211209535598755
1453 1.9087786674499512
1454 1.8801732063293457
1455 1.846631646156311
1456 2.0523364543914795
1457 1.9095593690872192
1458 1.7841057777404785
1459 1.7638605833053589
1460 1.8210797309875488
1461 2.081821918487549
1462 1.8001971244812012
1463 2.0472917556762695
1464 1.6593424081802368
1465 1.6594992876052856
1466 1.8011423349380493
1467 1.9442402124404907
1468 2.291694402694702
1469 2.027676820755005
1470 1.7632430791854858
1471 2.173870086669922
1472 1.6773344278335571
1473 1.7803157567977905
1474 1.8579018115997314
1475 2.0493099689483643
1476 1.901723861694336
1477 1.9513787031173706
1478 1.9193459749221802
1479 1.6387677192687988
1480 1.678729772567749
1481 1.8376195430755615
1482 1.873181700706482
1483 2.1770997047424316
1484 1.8197566270828247
1485 2.2300047874450684
1486 1.626625657081604
1487 1.569575309753418
1488 1.642730951309204
1489 1.8027844429016113
1490 1.8716214895248413
1491 1.6854394674301147
1492 2.2642765045166016
1493 1.832885980606079
1494 1.8386704921722412
1495 2.0450286865234375
1496 1.9121174812316895
1497 1.6645945310592651
1498 1.997963786125183
1499 1.7420035600662231
1500 1.975492238998413
1501 1.6716786623001099
1502 1.7160133123397827
1503 1.8659113645553589
1504 1.7151998281478882
1505 1.9776455163955688
1506 1.9123786687850952
1507 1.6881264448165894
1508 1.8382437229156494
1509 1.760433554649353
1510 1.7517547607421875
1511 1.7188233137130737
1512 1.5775600671768188
1513 2.021057605743408
1514 1.8473727703094482
1515 1.986552357673645
1516 2.016636848449707
1517 1.8905173540115356
1518 1.7414261102676392
1519 1.7762670516967773
1520 1.567741870880127
1521 1.7507579326629639
1522 1.944459319114685
1523 1.893246054649353
1524 1.7536360025405884
1525 1.9746856689453125
1526 1.6166398525238037
1527 1.793562650680542
1528 1.9458948373794556
1529 1.8274556398391724
1530 2.0283751487731934
1531 2.6070632934570312
1532 2.2750935554504395
1533 2.0072526931762695
1534 1.983582854270935
1535 2.0650839805603027
1536 1.939334511756897
1537 1.7693326473236084
1538 2.0772745609283447
1539 1.9515630006790161
1540 2.1013104915618896
1541 2.0328667163848877
1542 2.1580660343170166
1543 1.8373098373413086
1544 2.0996510982513428
1545 1.9055100679397583
1546 1.8783433437347412
1547 1.849067211151123
1548 1.8686399459838867
1549 2.0004098415374756
1550 2.0298726558685303
1551 1.9770220518112183
1552 1.8988326787948608
1553 1.7714108228683472
1554 1.770816445350647
1555 1.8229066133499146
1556 1.8884804248809814
1557 1.6134626865386963
1558 2.030923843383789
1559 1.8723859786987305
1560 2.1885907649993896
1561 1.8153084516525269
1562 1.904927134513855
1563 1.867558479309082
1564 2.3064305782318115
1565 1.808084487915039
1566 2.167954683303833
1567 1.9461448192596436
1568 2.0228323936462402
1569 1.8411273956298828
1570 1.973935604095459
1571 1.9405385255813599
1572 1.9683120250701904
1573 2.1383719444274902
1574 1.8709938526153564
1575 1.8438668251037598
1576 1.8279973268508911
1577 1.9857109785079956
1578 1.9754583835601807
1579 1.8200370073318481
1580 1.700180172920227
1581 1.7112232446670532
1582 2.0275673866271973
1583 2.254211664199829
1584 1.9284279346466064
1585 1.701174259185791
1586 1.9668781757354736
1587 1.9508534669876099
1588 1.7522205114364624
1589 1.971299648284912
1590 1.820884108543396
1591 1.8933887481689453
1592 2.215550422668457
1593 1.9222886562347412
1594 1.7218586206436157
1595 1.9726639986038208
1596 1.543135643005371
1597 2.047959804534912
1598 1.7503737211227417
1599 2.0822980403900146
1600 1.7203669548034668
1601 1.8365650177001953
1602 1.6156421899795532
1603 1.9045084714889526
1604 1.9102998971939087
1605 2.010507106781006
1606 2.0741934776306152
1607 1.9771537780761719
1608 2.0342187881469727
1609 1.9063242673873901
1610 1.7913538217544556
1611 2.0518088340759277
1612 1.8932075500488281
1613 1.9518344402313232
1614 1.9660923480987549
1615 1.7732264995574951
1616 1.849035382270813
1617 1.631766676902771
1618 1.8147680759429932
1619 1.923796534538269
1620 1.7149872779846191
1621 1.5256719589233398
1622 2.015571117401123
1623 1.944247841835022
1624 1.8948380947113037
1625 1.7069851160049438
1626 1.9291226863861084
1627 1.9226844310760498
1628 1.8431566953659058
1629 1.9309149980545044
1630 1.8365650177001953
1631 1.8440088033676147
1632 1.737828016281128
1633 1.7247042655944824
1634 1.8783880472183228
1635 1.6197254657745361
1636 1.9456580877304077
1637 1.8428020477294922
1638 1.8710342645645142
1639 1.898477554321289
1640 1.7945345640182495
1641 2.170261859893799
1642 1.9638270139694214
1643 2.0957329273223877
1644 1.8983196020126343
1645 2.104630947113037
1646 1.79012131690979
1647 2.0324766635894775
1648 1.9023836851119995
1649 1.7814003229141235
1650 1.917656421661377
1651 2.0271997451782227
1652 1.6759765148162842
1653 1.810100793838501
1654 1.5344096422195435
1655 2.1265125274658203
1656 2.155754327774048
1657 2.197892665863037
1658 2.095991373062134
1659 1.815002202987671
1660 1.965185284614563
1661 1.7855267524719238
1662 1.5803178548812866
1663 1.8962364196777344
1664 1.8353029489517212
1665 1.8816968202590942
1666 1.8974531888961792
1667 2.171266555786133
1668 1.7707905769348145
1669 1.8163610696792603
1670 1.6512538194656372
1671 1.9813302755355835
1672 1.9490876197814941
1673 1.6961400508880615
1674 1.748349666595459
1675 1.8957501649856567
1676 1.6106046438217163
1677 1.7451553344726562
1678 1.9511618614196777
1679 1.7823549509048462
1680 1.7686723470687866
1681 1.8924779891967773
1682 1.8150783777236938
1683 1.7425833940505981
1684 1.8150157928466797
1685 2.1477222442626953
1686 1.7880327701568604
1687 1.670346975326538
1688 1.531402587890625
1689 1.8644399642944336
1690 1.869588851928711
1691 2.4961745738983154
1692 1.6346428394317627
1693 1.9459220170974731
1694 2.1366703510284424
1695 1.84931480884552
1696 2.036808729171753
1697 2.112189292907715
1698 2.16196870803833
1699 2.246364116668701
1700 1.563725233078003
1701 1.575135588645935
1702 1.7439415454864502
1703 2.0308680534362793
1704 2.0679931640625
1705 1.8491157293319702
1706 2.1901469230651855
1707 2.024012565612793
1708 1.569441318511963
1709 2.041372537612915
1710 1.8555253744125366
1711 2.0198922157287598
1712 1.9596879482269287
1713 1.6060649156570435
1714 1.5574051141738892
1715 1.5589993000030518
1716 1.8374590873718262
1717 1.896651268005371
1718 2.000117301940918
1719 2.1375181674957275
1720 1.7767150402069092
1721 1.8236833810806274
1722 1.660606861114502
1723 1.4242604970932007
1724 1.9865962266921997
1725 1.7446155548095703
1726 1.7810031175613403
1727 2.124389886856079
1728 1.7237826585769653
1729 2.1804580688476562
1730 1.9989945888519287
1731 1.9538623094558716
1732 1.6479039192199707
1733 2.223874092102051
1734 1.8743778467178345
1735 2.133955717086792
1736 2.147306442260742
1737 2.1194491386413574
1738 2.0072574615478516
1739 1.5041414499282837
1740 2.0526022911071777
1741 1.888537883758545
1742 1.8424701690673828
1743 1.9173778295516968
1744 1.525278925895691
1745 1.984089732170105
1746 1.8554617166519165
1747 1.9584593772888184
1748 2.068460702896118
1749 1.9901607036590576
1750 1.8102844953536987
1751 2.0223796367645264
1752 1.6623615026474
1753 2.0428361892700195
1754 1.9352959394454956
1755 1.6099804639816284
1756 1.834515929222107
1757 2.092209577560425
1758 2.0271575450897217
1759 1.939117670059204
1760 2.013730049133301
1761 1.809363842010498
1762 1.6229183673858643
1763 2.2582764625549316
1764 2.2644197940826416
1765 2.040149688720703
1766 1.839474081993103
1767 1.7834511995315552
1768 1.8458186388015747
1769 2.0301027297973633
1770 1.8718888759613037
1771 1.9812431335449219
1772 1.8424633741378784
1773 1.8872239589691162
1774 1.9090023040771484
1775 1.691739797592163
1776 1.8250457048416138
1777 1.920802116394043
1778 1.8908613920211792
1779 1.8913071155548096
1780 1.9312026500701904
1781 1.8280333280563354
1782 1.685581088066101
1783 2.0167365074157715
1784 1.8864332437515259
1785 2.0647382736206055
1786 1.6393444538116455
1787 2.029216766357422
1788 1.7200894355773926
1789 1.9326273202896118
1790 2.1648061275482178
1791 1.7611033916473389
1792 1.9155192375183105
1793 1.8790059089660645
1794 2.3574230670928955
1795 1.8420851230621338
1796 1.715080976486206
1797 2.2389774322509766
1798 1.846453309059143
1799 1.996740698814392
1800 2.1557819843292236
1801 1.8475329875946045
1802 1.8150532245635986
1803 1.7156202793121338
1804 1.9865374565124512
1805 2.1269428730010986
1806 1.838675618171692
1807 1.6736422777175903
1808 1.831766128540039
1809 1.6421135663986206
1810 2.0959291458129883
1811 1.8378846645355225
1812 1.8746360540390015
1813 1.6478872299194336
1814 1.6461681127548218
1815 1.8250826597213745
1816 1.8168469667434692
1817 1.8889693021774292
1818 1.9759317636489868
1819 2.1223068237304688
1820 1.8373609781265259
1821 2.1240460872650146
1822 1.7291433811187744
1823 1.6915693283081055
1824 1.8012268543243408
1825 2.010932683944702
1826 1.8560463190078735
1827 2.046048164367676
1828 2.051497220993042
1829 1.8741955757141113
1830 1.5708119869232178
1831 2.268280029296875
1832 1.8906853199005127
1833 1.5013829469680786
1834 1.819474220275879
1835 2.0955851078033447
1836 1.9654347896575928
1837 1.7761896848678589
1838 1.8051774501800537
1839 1.6921087503433228
1840 1.5367027521133423
1841 1.6021815538406372
1842 1.963184118270874
1843 1.7586593627929688
1844 1.9467284679412842
1845 1.7322784662246704
1846 2.017632484436035
1847 1.8225600719451904
1848 1.8970047235488892
1849 1.8386932611465454
1850 2.0702407360076904
1851 1.882003664970398
1852 1.782511830329895
1853 2.108184576034546
1854 1.637800693511963
1855 1.7359859943389893
1856 1.8470027446746826
1857 1.758616328239441
1858 1.9227625131607056
1859 1.971910834312439
1860 2.088561534881592
1861 1.7905467748641968
1862 2.0840418338775635
1863 2.06382155418396
1864 1.7883973121643066
1865 1.891079306602478
1866 2.179966926574707
1867 1.904834508895874
1868 1.921369194984436
1869 1.5903862714767456
1870 1.7194474935531616
1871 2.03959059715271
1872 1.7642394304275513
1873 2.0849742889404297
1874 1.8785814046859741
1875 1.9197721481323242
1876 1.7606925964355469
1877 1.8409605026245117
1878 2.0249102115631104
1879 1.9461228847503662
1880 1.7656621932983398
1881 1.8592311143875122
1882 1.7674750089645386
1883 1.8066450357437134
1884 1.898057460784912
1885 2.018749475479126
1886 1.8069016933441162
1887 1.6160764694213867
1888 2.2703375816345215
1889 1.7646794319152832
1890 1.795147180557251
1891 1.6930524110794067
1892 1.6478891372680664
1893 1.679308533668518
1894 1.8823840618133545
1895 2.027575969696045
1896 1.8408350944519043
1897 1.8494822978973389
1898 1.819946527481079
1899 1.989656925201416
1900 1.741103172302246
1901 1.7303234338760376
1902 1.8608877658843994
1903 2.1906797885894775
1904 1.9914705753326416
1905 1.7450675964355469
1906 2.00723934173584
1907 1.7817754745483398
1908 1.6964925527572632
1909 2.1982831954956055
1910 1.770309329032898
1911 2.1371185779571533
1912 1.7789599895477295
1913 1.9741407632827759
1914 1.7797924280166626
1915 2.2231082916259766
1916 2.067671537399292
1917 1.9855566024780273
1918 1.8550565242767334
1919 2.05778431892395
1920 1.8103759288787842
1921 1.9133338928222656
1922 2.0421974658966064
1923 1.7775907516479492
1924 1.9687564373016357
1925 1.6912201642990112
1926 1.8815187215805054
1927 1.9174197912216187
1928 1.861154317855835
1929 1.9161171913146973
1930 1.5505318641662598
1931 1.9671099185943604
1932 1.9747484922409058
1933 1.7853862047195435
1934 1.6937631368637085
1935 1.6775696277618408
1936 1.6417549848556519
1937 2.152695417404175
1938 1.81544029712677
1939 2.165846109390259
1940 2.048227548599243
1941 1.7601072788238525
1942 1.8311978578567505
1943 1.7009453773498535
1944 1.5767747163772583
1945 1.5634188652038574
1946 1.7085462808609009
1947 2.016756296157837
1948 1.7196266651153564
1949 1.5175213813781738
1950 2.0478053092956543
1951 2.328392505645752
1952 1.8548095226287842
1953 1.5548598766326904
1954 2.1180946826934814
1955 1.7554973363876343
1956 1.9752405881881714
1957 1.7104231119155884
1958 1.7520713806152344
1959 1.9141783714294434
1960 1.9206581115722656
1961 1.7868801355361938
1962 2.1037521362304688
1963 2.0076301097869873
1964 1.7183490991592407
1965 1.865941047668457
1966 1.892381191253662
1967 1.8007466793060303
1968 1.849036455154419
1969 1.7592021226882935
1970 1.7845033407211304
1971 1.679253339767456
1972 1.6821105480194092
1973 1.8384305238723755
1974 1.7746399641036987
1975 2.120786428451538
1976 2.022258758544922
1977 1.8798637390136719
1978 1.6552660465240479
1979 1.6237328052520752
1980 1.8370368480682373
1981 1.7336305379867554
1982 1.8066418170928955
1983 1.5779627561569214
1984 1.7775791883468628
1985 2.226497173309326
1986 1.8067150115966797
1987 2.0592596530914307
1988 1.7521693706512451
1989 2.021275281906128
1990 1.9275437593460083
1991 2.2093849182128906
1992 1.9953532218933105
1993 2.180389881134033
1994 2.4027321338653564
1995 1.7837010622024536
1996 2.120330572128296
1997 2.300869941711426
1998 1.8684730529785156
1999 1.8919246196746826
2000 1.6974278688430786
2001 2.010838031768799
2002 1.7583736181259155
2003 1.803920030593872
2004 1.748252511024475
2005 2.0030317306518555
2006 2.0050504207611084
2007 1.886366844177246
2008 2.2796239852905273
2009 1.828904628753662
2010 1.6650243997573853
2011 1.9867676496505737
2012 1.982606053352356
2013 1.9901089668273926
2014 1.8694705963134766
2015 2.203138589859009
2016 1.9565401077270508
2017 1.8460936546325684
2018 1.6411248445510864
2019 1.9138329029083252
2020 1.8921513557434082
2021 1.7492283582687378
2022 1.909762978553772
2023 2.092819929122925
2024 2.36910343170166
2025 1.7932639122009277
2026 1.8138494491577148
2027 2.0816972255706787
2028 2.0326263904571533
2029 1.8102422952651978
2030 1.6656475067138672
2031 1.8250271081924438
2032 1.9264901876449585
2033 1.6503833532333374
2034 1.821071982383728
2035 1.853149652481079
2036 1.907621145248413
2037 2.025130271911621
2038 1.8149123191833496
2039 1.913074016571045
2040 1.8517402410507202
2041 1.5585366487503052
2042 1.8553682565689087
2043 1.791381597518921
2044 1.9247469902038574
2045 1.724053978919983
2046 1.6748286485671997
2047 1.7997726202011108
2048 1.9197428226470947
2049 1.7575584650039673
2050 1.8536964654922485
2051 2.1816518306732178
2052 1.5206068754196167
2053 1.763037919998169
2054 1.6517828702926636
2055 1.4944576025009155
2056 2.1210200786590576
2057 2.146836996078491
2058 1.6295289993286133
2059 1.641345500946045
2060 1.7958359718322754
2061 1.9862619638442993
2062 1.6336638927459717
2063 1.6836137771606445
2064 2.0458617210388184
2065 1.847976803779602
2066 1.6640255451202393
2067 1.8424415588378906
2068 1.9245303869247437
2069 1.5674089193344116
2070 2.0991413593292236
2071 1.9227737188339233
2072 1.8239796161651611
2073 1.6471577882766724
2074 2.1076362133026123
2075 1.8501653671264648
2076 1.9036355018615723
2077 1.6684727668762207
2078 1.6882052421569824
2079 1.7996898889541626
2080 1.9423099756240845
2081 1.7619982957839966
2082 1.8085172176361084
2083 2.00648832321167
2084 1.9020781517028809
2085 1.5629510879516602
2086 1.6822757720947266
2087 1.8845677375793457
2088 1.8226022720336914
2089 1.6674128770828247
2090 2.015368938446045
2091 1.7389153242111206
2092 2.0833187103271484
2093 1.9651737213134766
2094 2.1268553733825684
2095 2.221019744873047
2096 1.9554672241210938
2097 2.059117078781128
2098 2.1789581775665283
2099 2.2720553874969482
2100 1.6898711919784546
2101 2.175490379333496
2102 1.9763823747634888
2103 1.8960261344909668
2104 1.547555685043335
2105 2.191084861755371
2106 1.942326307296753
2107 1.7466106414794922
2108 1.890056848526001
2109 2.138716697692871
2110 2.4068710803985596
2111 1.8147594928741455
2112 1.9059311151504517
2113 1.815025806427002
2114 1.6507488489151
2115 1.8062025308609009
2116 1.7728793621063232
2117 2.177746057510376
2118 1.5023356676101685
2119 2.159609079360962
2120 2.022162437438965
2121 1.649469017982483
2122 2.4731805324554443
2123 2.000746250152588
2124 1.923127293586731
2125 1.791649341583252
2126 2.5707714557647705
2127 1.9486523866653442
2128 1.8900882005691528
2129 2.140683650970459
2130 1.5427383184432983
2131 1.917595386505127
2132 1.9591501951217651
2133 1.7955373525619507
2134 1.7769386768341064
2135 1.9568485021591187
2136 1.6687911748886108
2137 2.3635661602020264
2138 1.821254014968872
2139 1.9065916538238525
2140 2.2129313945770264
2141 1.9218344688415527
2142 1.84305739402771
2143 1.6610339879989624
2144 1.9609869718551636
2145 1.9027700424194336
2146 2.0167534351348877
2147 1.6589449644088745
2148 1.8711069822311401
2149 1.6708829402923584
2150 2.2367727756500244
2151 2.110001802444458
2152 1.659515619277954
2153 1.8612922430038452
2154 2.1789474487304688
2155 2.1388959884643555
2156 1.6510210037231445
2157 1.9355028867721558
2158 2.2772138118743896
2159 1.7520740032196045
2160 2.1129071712493896
2161 1.7043521404266357
2162 2.0310170650482178
2163 2.0914878845214844
2164 2.0323262214660645
2165 1.8776918649673462
2166 1.8270009756088257
2167 1.9354772567749023
2168 1.724931240081787
2169 1.7332478761672974
2170 1.9732675552368164
2171 1.7782320976257324
2172 2.235177993774414
2173 1.9824048280715942
2174 1.8593225479125977
2175 1.9023737907409668
2176 1.836775779724121
2177 2.018160581588745
2178 1.9232351779937744
2179 2.1384222507476807
2180 1.8847486972808838
2181 1.7596502304077148
2182 1.6262598037719727
2183 1.6076288223266602
2184 1.9980888366699219
2185 1.790910005569458
2186 1.7250558137893677
2187 1.7732046842575073
2188 1.7368508577346802
2189 1.8224120140075684
2190 1.780165672302246
2191 2.088192939758301
2192 1.7856289148330688
2193 1.6468873023986816
2194 1.7807241678237915
2195 1.720077395439148
2196 2.117459297180176
2197 2.125568151473999
2198 1.7773246765136719
2199 1.8849742412567139
2200 1.7198684215545654
2201 1.9361056089401245
2202 1.8939024209976196
2203 1.762067437171936
2204 2.140547513961792
2205 1.909507393836975
2206 2.0628395080566406
2207 1.8463717699050903
2208 1.9537739753723145
2209 2.0730717182159424
2210 1.8024028539657593
2211 2.0107386112213135
2212 1.7117607593536377
2213 2.315849542617798
2214 1.7578134536743164
2215 1.9741004705429077
2216 1.7664670944213867
2217 1.8261905908584595
2218 1.9985116720199585
2219 1.8633815050125122
2220 1.6720337867736816
2221 2.004047155380249
2222 1.7007015943527222
2223 1.7537416219711304
2224 2.042809009552002
2225 1.579699158668518
2226 1.8688106536865234
2227 1.56645667552948
2228 1.8118747472763062
2229 1.9386605024337769
2230 1.71945059299469
2231 1.7307069301605225
2232 1.870511531829834
2233 1.751608967781067
2234 1.8210290670394897
2235 2.2275185585021973
2236 2.096205234527588
2237 2.1065263748168945
2238 1.807496190071106
2239 1.7920535802841187
2240 1.8842471837997437
2241 2.117093563079834
2242 1.7463340759277344
2243 1.7758170366287231
2244 1.8254082202911377
2245 1.7488833665847778
2246 1.7951512336730957
2247 1.8446502685546875
2248 2.1060359477996826
2249 1.7929518222808838
2250 1.5501511096954346
2251 1.8689121007919312
2252 2.084106922149658
2253 2.028102159500122
2254 1.7139408588409424
2255 1.7508677244186401
2256 2.146596670150757
2257 1.716015100479126
2258 2.083235502243042
2259 1.728456735610962
2260 1.6356277465820312
2261 1.8609036207199097
2262 1.7345541715621948
2263 1.9977422952651978
2264 2.0111024379730225
2265 1.8217260837554932
2266 1.8953396081924438
2267 2.0297720432281494
2268 1.8765544891357422
2269 1.919126033782959
2270 1.6990495920181274
2271 1.8690576553344727
2272 1.9207748174667358
2273 1.9655675888061523
2274 2.0683302879333496
2275 1.8723475933074951
2276 1.9126988649368286
2277 1.8265780210494995
2278 1.580549716949463
2279 2.0560548305511475
2280 1.901589274406433
2281 1.8717344999313354
2282 2.198085308074951
2283 1.6324139833450317
2284 1.721671462059021
2285 1.8407082557678223
2286 1.8136672973632812
2287 2.0885894298553467
2288 2.0397801399230957
2289 1.8841118812561035
2290 1.7711573839187622
2291 2.0168206691741943
2292 1.932587742805481
2293 1.9092129468917847
2294 2.2228991985321045
2295 1.8710397481918335
2296 1.716740369796753
2297 1.8756407499313354
2298 1.7231738567352295
2299 1.7666417360305786
2300 1.6748870611190796
2301 1.682752251625061
2302 1.7458796501159668
2303 1.9094804525375366
2304 1.9565222263336182
2305 1.8464514017105103
2306 1.918756365776062
2307 1.5251693725585938
2308 1.7332631349563599
2309 1.6739927530288696
2310 1.7587071657180786
2311 1.9330986738204956
2312 1.925248622894287
2313 2.085461139678955
2314 1.7741725444793701
2315 1.9036973714828491
2316 1.5893985033035278
2317 1.968024492263794
2318 2.0016589164733887
2319 1.9413872957229614
2320 1.9208548069000244
2321 1.5477625131607056
2322 1.6228933334350586
2323 1.7079405784606934
2324 1.727035403251648
2325 1.780118465423584
2326 2.0127317905426025
2327 1.6234300136566162
2328 1.9871571063995361
2329 2.389712333679199
2330 2.008546829223633
2331 1.9057111740112305
2332 1.946241855621338
2333 1.9663678407669067
2334 1.4597914218902588
2335 1.7026307582855225
2336 2.0864741802215576
2337 2.2386562824249268
2338 1.8991976976394653
2339 1.8622405529022217
2340 1.8489553928375244
2341 1.750717043876648
2342 1.8214102983474731
2343 1.6423168182373047
2344 2.0822837352752686
2345 1.8012803792953491
2346 2.2532405853271484
2347 1.9464319944381714
2348 1.8650487661361694
2349 2.0218985080718994
2350 1.612624168395996
2351 1.749226450920105
2352 2.176622152328491
2353 1.7607871294021606
2354 1.7343016862869263
2355 1.959064245223999
2356 1.6760649681091309
2357 1.9812997579574585
2358 2.0034210681915283
2359 1.974212408065796
2360 1.5878676176071167
2361 1.8594087362289429
2362 1.5748752355575562
2363 1.8999826908111572
2364 2.373542308807373
2365 1.8767495155334473
2366 1.6628458499908447
2367 1.756929636001587
2368 1.8295252323150635
2369 1.6806995868682861
2370 2.1439497470855713
2371 1.8929362297058105
2372 2.171849489212036
2373 2.1238527297973633
2374 1.7749985456466675
2375 1.7897497415542603
2376 1.8877722024917603
2377 2.090770721435547
2378 1.5655055046081543
2379 1.5698981285095215
2380 1.585536003112793
2381 1.937298059463501
2382 1.60502290725708
2383 1.6784547567367554
2384 1.5908057689666748
2385 1.7720924615859985
2386 1.8944228887557983
2387 1.825567364692688
2388 2.259474039077759
2389 1.8170957565307617
2390 1.7719429731369019
2391 2.086311101913452
2392 2.0762040615081787
2393 1.9876290559768677
2394 1.7443740367889404
2395 1.783658504486084
2396 2.2448174953460693
2397 2.021930694580078
2398 1.6809033155441284
2399 1.834615707397461
2400 2.0166397094726562
2401 1.866407036781311
2402 2.06693959236145
2403 1.7584002017974854
2404 1.7123442888259888
2405 1.8582316637039185
2406 1.759987711906433
2407 1.7395551204681396
2408 1.925517201423645
2409 2.0141725540161133
2410 2.007298469543457
2411 1.8196821212768555
2412 1.9625365734100342
2413 2.0101025104522705
2414 1.9054733514785767
2415 1.8339662551879883
2416 1.917128324508667
2417 1.7512999773025513
2418 1.7149633169174194
2419 1.9049382209777832
2420 1.6793593168258667
2421 1.9829010963439941
2422 2.025512218475342
2423 2.0987918376922607
2424 1.8476307392120361
2425 2.147839307785034
2426 1.7897180318832397
2427 1.899743914604187
2428 2.275871515274048
2429 1.7712434530258179
2430 1.9485743045806885
2431 1.9425069093704224
2432 1.9055023193359375
2433 1.6679348945617676
2434 1.6894365549087524
2435 1.7276551723480225
2436 2.0248165130615234
2437 1.7349129915237427
2438 1.9140625
2439 2.125404119491577
2440 1.6393665075302124
2441 1.7221221923828125
2442 1.616827368736267
2443 1.8272336721420288
2444 1.8621801137924194
2445 1.924731969833374
2446 1.9121462106704712
2447 1.8067882061004639
2448 1.6328561305999756
2449 1.8395637273788452
2450 2.112414598464966
2451 1.5955016613006592
2452 1.8133904933929443
2453 1.9650672674179077
2454 2.3157920837402344
2455 2.03574538230896
2456 1.7017667293548584
2457 1.7409582138061523
2458 2.008979082107544
2459 2.05165433883667
2460 1.5510516166687012
2461 2.2163116931915283
2462 1.9583114385604858
2463 2.021270275115967
2464 1.6104059219360352
2465 1.6751877069473267
2466 1.6830371618270874
2467 1.9842557907104492
2468 1.955165982246399
2469 1.9408307075500488
2470 1.7975413799285889
2471 1.9462255239486694
2472 2.257019519805908
2473 2.0532000064849854
2474 1.790393590927124
2475 2.0669102668762207
2476 1.9523154497146606
2477 1.8926891088485718
2478 1.7128868103027344
2479 1.9155030250549316
2480 2.1541810035705566
2481 1.9103443622589111
2482 2.1755247116088867
2483 2.155777931213379
2484 1.7939059734344482
2485 1.9625672101974487
2486 1.9737460613250732
2487 1.8445096015930176
2488 1.6332179307937622
2489 1.8906702995300293
2490 1.891076683998108
2491 1.8408945798873901
2492 1.7259169816970825
2493 1.7381113767623901
2494 1.880960464477539
2495 1.761764407157898
2496 1.840360403060913
2497 1.6754368543624878
2498 2.049257516860962
2499 1.8232322931289673
2500 1.6624865531921387
2501 2.3103039264678955
2502 1.9588932991027832
2503 1.625496506690979
2504 2.071896553039551
2505 2.2872672080993652
2506 1.9741089344024658
2507 2.0950844287872314
2508 1.7128381729125977
2509 1.652983546257019
2510 1.87311589717865
2511 1.731307864189148
2512 1.58809494972229
2513 2.0886788368225098
2514 2.558931827545166
2515 1.90897536277771
2516 1.8548178672790527
2517 2.023073434829712
2518 1.9652365446090698
2519 2.1168458461761475
2520 1.5764093399047852
2521 1.8129128217697144
2522 1.7674591541290283
2523 1.985975980758667
2524 2.1502132415771484
2525 1.7710930109024048
2526 2.3416688442230225
2527 1.923119068145752
2528 2.018474578857422
2529 1.8368760347366333
2530 1.8966286182403564
2531 1.6601918935775757
2532 1.8037316799163818
2533 1.796930193901062
2534 1.8955403566360474
2535 1.8314998149871826
2536 2.085921049118042
2537 1.7876291275024414
2538 2.3032150268554688
2539 1.9778345823287964
2540 2.0606651306152344
2541 1.8654892444610596
2542 1.863847255706787
2543 1.740003228187561
2544 2.018019437789917
2545 2.1538074016571045
2546 1.6768425703048706
2547 1.8646409511566162
2548 1.9839372634887695
2549 1.763800024986267
2550 2.226647138595581
2551 1.958370566368103
2552 1.6992664337158203
2553 2.259859323501587
2554 1.8618931770324707
2555 2.106389045715332
2556 2.0009067058563232
2557 2.000241279602051
2558 1.811676263809204
2559 1.9770065546035767
2560 1.927803635597229
2561 1.7389116287231445
2562 1.7470849752426147
2563 1.6705931425094604
2564 1.7026922702789307
2565 1.9092109203338623
2566 1.808031678199768
2567 2.3861918449401855
2568 1.8887056112289429
2569 1.9574888944625854
2570 1.7757174968719482
2571 1.7369065284729004
2572 1.765222191810608
2573 1.818345069885254
2574 2.081461191177368
2575 1.8608026504516602
2576 1.8725147247314453
2577 1.7545585632324219
2578 1.618749737739563
2579 1.8589657545089722
2580 1.737504482269287
2581 1.7483774423599243
2582 1.9776439666748047
2583 1.7936935424804688
2584 1.846186876296997
2585 1.8628830909729004
2586 1.865752100944519
2587 1.5820363759994507
2588 1.9357938766479492
2589 2.0852060317993164
2590 1.7147748470306396
2591 1.9705657958984375
2592 1.5781090259552002
2593 1.7761178016662598
2594 1.8506333827972412
2595 1.9489949941635132
2596 2.0028650760650635
2597 1.8262302875518799
2598 1.8907972574234009
2599 1.8045862913131714
2600 1.8228055238723755
2601 2.2197134494781494
2602 1.688604474067688
2603 1.9984992742538452
2604 1.6881929636001587
2605 2.137969732284546
2606 1.544271469116211
2607 1.7872390747070312
2608 2.109341621398926
2609 2.0492584705352783
2610 2.1430859565734863
2611 1.9492992162704468
2612 1.8119242191314697
2613 1.7701212167739868
2614 1.9757040739059448
2615 1.7962340116500854
2616 1.7290053367614746
2617 1.836360216140747
2618 2.1490211486816406
2619 1.9128330945968628
2620 1.6817890405654907
2621 2.431074380874634
2622 1.7399914264678955
2623 1.7698824405670166
2624 1.9059103727340698
2625 2.166473388671875
2626 1.9062740802764893
2627 1.8493586778640747
2628 2.1194164752960205
2629 1.6386030912399292
2630 2.0228841304779053
2631 2.1460978984832764
2632 2.0200154781341553
2633 1.7919297218322754
2634 1.8172227144241333
2635 1.76975679397583
2636 1.6777005195617676
2637 1.7877111434936523
2638 1.8907150030136108
2639 1.843397617340088
2640 1.9919148683547974
2641 1.5958369970321655
2642 1.5565179586410522
2643 1.944949984550476
2644 1.8071626424789429
2645 2.059286117553711
2646 1.7839335203170776
2647 1.7013670206069946
2648 1.6642470359802246
2649 2.1800477504730225
2650 1.8136485815048218
2651 1.7971243858337402
2652 1.8993661403656006
2653 1.8684214353561401
2654 1.8978301286697388
2655 2.0779004096984863
2656 1.961716651916504
2657 1.75872004032135
2658 1.616987943649292
2659 2.1985085010528564
2660 1.9952808618545532
2661 1.7936732769012451
2662 1.9550375938415527
2663 1.9914401769638062
2664 1.7878142595291138
2665 1.8087286949157715
2666 1.6618642807006836
2667 2.0585837364196777
2668 1.815360426902771
2669 1.6852115392684937
2670 1.7631360292434692
2671 1.9891066551208496
2672 1.8912410736083984
2673 2.195451259613037
2674 1.9150139093399048
2675 1.587512731552124
2676 1.835614800453186
2677 1.8120752573013306
2678 1.907580852508545
2679 1.8290438652038574
2680 2.0447745323181152
2681 1.847744345664978
2682 1.7207634449005127
2683 2.207554817199707
2684 1.8009498119354248
2685 1.7522228956222534
2686 1.6165046691894531
2687 1.7193613052368164
2688 1.843560814857483
2689 1.720697283744812
2690 1.8990106582641602
2691 1.8070874214172363
2692 1.8192940950393677
2693 1.8840276002883911
2694 1.8074065446853638
2695 1.99168860912323
2696 1.6578673124313354
2697 1.9791842699050903
2698 2.382666826248169
2699 1.6632000207901
2700 2.664116144180298
2701 1.875881552696228
2702 1.78805410861969
2703 1.9971611499786377
2704 2.1164162158966064
2705 1.5636569261550903
2706 1.8359347581863403
2707 1.777038335800171
2708 2.0147554874420166
2709 1.7005516290664673
2710 1.801665186882019
2711 2.335709810256958
2712 2.2084848880767822
2713 1.6967164278030396
2714 1.99602210521698
2715 1.988124132156372
2716 1.855067491531372
2717 1.7448257207870483
2718 1.7734270095825195
2719 1.9196300506591797
2720 2.0395283699035645
2721 1.8281790018081665
2722 1.823712706565857
2723 1.7269928455352783
2724 2.150838851928711
2725 1.962006688117981
2726 1.8427904844284058
2727 1.8567701578140259
2728 2.168478488922119
2729 1.7515047788619995
2730 1.7865937948226929
2731 1.7951730489730835
2732 1.9593424797058105
2733 1.726330041885376
2734 2.1776721477508545
2735 1.823620080947876
2736 1.7380013465881348
2737 1.8071880340576172
2738 1.8734396696090698
2739 1.7219725847244263
2740 1.6796447038650513
2741 2.074903964996338
2742 2.0905532836914062
2743 1.6833970546722412
2744 2.0978076457977295
2745 2.135103225708008
2746 1.9553080797195435
2747 1.9064134359359741
2748 1.7616299390792847
2749 2.0458247661590576
2750 2.0764851570129395
2751 1.6511259078979492
2752 1.6345049142837524
2753 1.6872869729995728
2754 2.163240432739258
2755 1.5149691104888916
2756 2.230492115020752
2757 2.0202395915985107
2758 2.062089204788208
2759 1.6804907321929932
2760 1.8604227304458618
2761 1.6836929321289062
2762 2.011084794998169
2763 1.8460904359817505
2764 2.1893136501312256
2765 2.1741843223571777
2766 1.6774165630340576
2767 1.9271970987319946
2768 1.7234259843826294
2769 1.7819100618362427
2770 2.0666425228118896
2771 1.8083045482635498
2772 1.7817480564117432
2773 2.1905243396759033
2774 1.9981234073638916
2775 2.067115068435669
2776 1.7151753902435303
2777 1.685988187789917
2778 1.7739063501358032
2779 1.698362946510315
2780 1.9049171209335327
2781 1.8324313163757324
2782 2.2713496685028076
2783 1.877346158027649
2784 2.0864715576171875
2785 1.679567813873291
2786 1.6796371936798096
2787 1.6050471067428589
2788 1.7344757318496704
2789 1.800565242767334
2790 1.8111724853515625
2791 1.755581021308899
2792 1.89666748046875
2793 2.0316574573516846
2794 2.0510334968566895
2795 1.8165559768676758
2796 1.5237295627593994
2797 1.9153211116790771
2798 1.9908723831176758
2799 1.7474781274795532
2800 2.269742488861084
2801 1.6357578039169312
2802 2.1213884353637695
2803 2.250641107559204
2804 2.1403729915618896
2805 1.9425088167190552
2806 1.7745975255966187
2807 1.715927243232727
2808 1.858016848564148
2809 1.801688313484192
2810 1.8357982635498047
2811 1.8799052238464355
2812 2.055447578430176
2813 2.0440714359283447
2814 1.6689451932907104
2815 1.8061819076538086
2816 1.830833077430725
2817 1.772973895072937
2818 2.0828897953033447
2819 1.8596335649490356
2820 2.1310229301452637
2821 1.7429832220077515
2822 1.6132659912109375
2823 1.7263861894607544
2824 1.8812034130096436
2825 1.816670536994934
2826 1.715541958808899
2827 1.7479888200759888
2828 2.1907124519348145
2829 1.9839788675308228
2830 1.800218105316162
2831 1.9290316104888916
2832 1.8341814279556274
2833 1.6338731050491333
2834 1.7311073541641235
2835 1.9321532249450684
2836 2.147736072540283
2837 1.5891441106796265
2838 1.9920616149902344
2839 2.2962043285369873
2840 1.8506654500961304
2841 1.6663535833358765
2842 1.7453415393829346
2843 1.8945307731628418
2844 1.742575764656067
2845 1.8337405920028687
2846 1.9170429706573486
2847 2.1495845317840576
2848 2.1408731937408447
2849 1.745967984199524
2850 1.9848068952560425
2851 1.7122879028320312
2852 1.6880353689193726
2853 2.03732967376709
2854 2.144228219985962
2855 1.9800375699996948
2856 2.0230727195739746
2857 1.9649220705032349
2858 1.7630962133407593
2859 1.7965666055679321
2860 2.10588002204895
2861 1.864989161491394
2862 2.1738507747650146
2863 1.681337594985962
2864 1.9604954719543457
2865 1.767146348953247
2866 1.9669785499572754
2867 1.878618836402893
2868 1.684844970703125
2869 1.8428071737289429
2870 2.1338751316070557
2871 2.049114465713501
2872 1.7109551429748535
2873 1.6557356119155884
2874 2.007457971572876
2875 1.6854760646820068
2876 1.8711585998535156
2877 1.662886142730713
2878 1.7773962020874023
2879 2.1399166584014893
2880 1.9686766862869263
2881 2.0751736164093018
2882 1.7684296369552612
2883 2.0932552814483643
2884 1.9720487594604492
2885 1.9070751667022705
2886 2.3351540565490723
2887 1.7630538940429688
2888 1.7999365329742432
2889 2.037707567214966
2890 1.8513990640640259
2891 1.7611831426620483
2892 1.90870201587677
2893 1.9889403581619263
2894 1.8178222179412842
2895 1.869642972946167
2896 1.8933231830596924
2897 2.1667230129241943
2898 1.892513632774353
2899 1.9192523956298828
2900 1.5936872959136963
2901 1.7583445310592651
2902 1.5489312410354614
2903 1.989428997039795
2904 1.7701961994171143
2905 1.96388578414917
2906 1.8089771270751953
2907 1.920065999031067
2908 1.8775080442428589
2909 1.938430666923523
2910 1.9084290266036987
2911 2.0623161792755127
2912 1.640354037284851
2913 1.916604995727539
2914 1.899533987045288
2915 1.9518507719039917
2916 1.8964108228683472
2917 1.8298165798187256
2918 1.9137755632400513
2919 1.8113888502120972
2920 1.5584993362426758
2921 1.8071690797805786
2922 1.8274240493774414
2923 1.8911389112472534
2924 2.441887855529785
2925 1.8373154401779175
2926 1.7378298044204712
2927 1.6504526138305664
2928 1.837557077407837
2929 1.7439824342727661
2930 1.8195854425430298
2931 1.9630078077316284
2932 1.9451403617858887
2933 1.7843185663223267
2934 2.0358095169067383
2935 1.972009301185608
2936 1.9868171215057373
2937 1.9849673509597778
2938 1.8779592514038086
2939 2.033632755279541
2940 2.0706260204315186
2941 1.878279447555542
2942 1.8906304836273193
2943 1.741361141204834
2944 1.5938377380371094
2945 1.8679412603378296
2946 1.7694059610366821
2947 1.580711841583252
2948 1.5696008205413818
2949 1.7839220762252808
2950 1.8552953004837036
2951 1.9543488025665283
2952 1.6836252212524414
2953 1.8622952699661255
2954 2.030367851257324
2955 1.5772790908813477
2956 1.9581751823425293
2957 1.8463175296783447
2958 1.5206022262573242
2959 1.7569687366485596
2960 1.7196813821792603
2961 1.8629423379898071
2962 1.7278088331222534
2963 1.890494465827942
2964 1.893502950668335
2965 1.8799021244049072
2966 2.0001909732818604
2967 1.91849684715271
2968 1.7368801832199097
2969 1.7771865129470825
2970 1.983697772026062
2971 1.7218235731124878
2972 1.8691048622131348
2973 2.3060848712921143
2974 1.963705062866211
2975 1.8699818849563599
2976 1.7873138189315796
2977 1.795386791229248
2978 1.9671235084533691
2979 1.5582460165023804
2980 1.8229472637176514
2981 1.8558993339538574
2982 1.8288694620132446
2983 1.938818097114563
2984 1.7096222639083862
2985 1.902449131011963
2986 1.8117780685424805
2987 1.7464545965194702
2988 1.70084810256958
2989 1.988843560218811
2990 1.6903274059295654
2991 2.3436520099639893
2992 1.8324220180511475
2993 1.7051752805709839
2994 1.714249849319458
2995 1.9109632968902588
2996 1.7388455867767334
2997 1.7859771251678467
2998 2.1248581409454346
2999 1.8540740013122559
