22.0258846282959
20.71688461303711
20.216283798217773
20.157394409179688
19.64229393005371
18.79785919189453
18.532419204711914
18.467348098754883
18.843734741210938
18.10712432861328
18.197877883911133
18.599355697631836
18.368785858154297
18.020185470581055
18.430795669555664
18.232271194458008
17.93385887145996
18.161954879760742
17.530441284179688
17.66612434387207
17.291118621826172
17.427501678466797
17.424301147460938
17.520294189453125
16.533353805541992
16.916786193847656
17.20948028564453
16.714475631713867
16.869287490844727
16.18288803100586
16.61733627319336
16.594736099243164
16.13216209411621
15.778505325317383
15.577628135681152
15.752471923828125
15.8634033203125
15.19006061553955
15.059638023376465
15.350914001464844
14.631487846374512
14.608020782470703
14.325887680053711
14.046443939208984
13.94339656829834
13.507830619812012
13.355987548828125
13.064372062683105
12.866585731506348
12.644918441772461
12.036417961120605
11.862051010131836
11.867197036743164
12.024051666259766
11.802116394042969
11.7015380859375
11.490784645080566
11.264181137084961
11.069587707519531
10.762046813964844
10.557818412780762
10.66778564453125
10.556684494018555
10.733429908752441
10.368751525878906
10.428394317626953
10.618581771850586
10.650572776794434
10.531084060668945
10.680519104003906
10.520665168762207
10.57391357421875
10.532511711120605
10.468954086303711
10.401226997375488
10.419304847717285
10.296148300170898
10.395176887512207
10.22679328918457
10.33395767211914
10.381572723388672
10.244786262512207
10.262206077575684
10.09604549407959
10.006901741027832
10.142236709594727
9.976622581481934
9.932892799377441
10.061842918395996
9.796958923339844
9.929786682128906
9.869486808776855
9.832757949829102
10.096906661987305
9.925287246704102
9.787803649902344
9.781981468200684
9.750585556030273
9.56932258605957
9.879073143005371
9.63999080657959
9.538029670715332
9.636798858642578
9.607442855834961
9.555208206176758
9.575593948364258
9.60862922668457
9.553954124450684
9.551178932189941
9.439412117004395
9.33617877960205
9.404926300048828
9.46213150024414
9.148290634155273
9.31485652923584
9.158977508544922
9.21879768371582
9.210247039794922
9.223505020141602
9.362804412841797
9.22161865234375
9.282233238220215
9.259653091430664
9.196857452392578
9.225439071655273
9.197521209716797
9.176365852355957
9.105868339538574
9.212320327758789
9.164402961730957
9.245983123779297
9.007841110229492
9.161874771118164
8.996076583862305
9.04245662689209
9.042284965515137
9.144868850708008
9.242246627807617
9.11431884765625
9.162704467773438
9.017592430114746
9.171022415161133
9.295848846435547
9.096467018127441
9.094969749450684
8.954435348510742
9.11914348602295
9.048322677612305
9.134397506713867
8.978626251220703
9.002832412719727
9.119752883911133
8.950982093811035
9.097972869873047
9.090187072753906
9.113855361938477
9.085390090942383
8.900491714477539
8.854653358459473
9.024317741394043
8.86098575592041
8.816540718078613
8.829854965209961
9.073029518127441
8.8508882522583
8.906759262084961
9.12890911102295
8.89399242401123
8.853266716003418
8.785725593566895
9.011478424072266
8.900130271911621
8.890331268310547
8.854904174804688
8.823285102844238
8.928656578063965
8.830648422241211
8.727511405944824
8.734139442443848
8.820807456970215
8.958895683288574
8.736459732055664
8.748332977294922
8.850481033325195
8.741353034973145
8.737123489379883
8.87842845916748
8.672224044799805
8.69268798828125
8.574079513549805
8.645594596862793
8.496843338012695
8.547842979431152
8.228602409362793
8.135971069335938
7.695434093475342
7.336314678192139
6.939131259918213
6.33099889755249
6.337212085723877
6.170960426330566
5.778649806976318
5.900904178619385
5.395639419555664
5.773654937744141
5.444632530212402
5.863059997558594
5.380976676940918
5.369241237640381
5.5446319580078125
5.510623455047607
5.304440975189209
5.643593788146973
5.606693267822266
5.366147041320801
5.325009822845459
5.373098373413086
5.165546894073486
5.5621795654296875
5.38996696472168
4.675793647766113
5.119285583496094
4.640984535217285
4.802284240722656
5.05536413192749
4.666528701782227
4.743015766143799
4.841700077056885
4.585030555725098
4.982446193695068
4.833388805389404
4.74386739730835
4.413449764251709
4.559074878692627
4.868153095245361
3.9990150928497314
4.394151210784912
4.27957010269165
4.395102500915527
4.497806072235107
4.15167236328125
4.316927433013916
4.532247066497803
4.186168670654297
4.06568717956543
3.8620717525482178
3.8885905742645264
3.7603671550750732
3.851078748703003
4.203588485717773
3.7242414951324463
3.6787033081054688
3.3713157176971436
3.7321057319641113
3.817697525024414
3.3161041736602783
3.833136558532715
3.861151933670044
3.7056291103363037
3.5657124519348145
3.8407158851623535
3.805110454559326
3.4257302284240723
3.513124465942383
3.7880494594573975
3.760619640350342
3.433079242706299
3.4483072757720947
3.8227522373199463
3.5886969566345215
3.687372922897339
3.6121160984039307
3.5691871643066406
3.4249045848846436
3.5676639080047607
3.3825883865356445
3.569244384765625
3.487675905227661
3.4288413524627686
3.7431588172912598
3.275204658508301
3.445993423461914
3.350992441177368
3.650848865509033
3.142275333404541
3.6232686042785645
3.435971736907959
3.836367607116699
3.3546767234802246
3.3545427322387695
3.507072687149048
3.213700294494629
3.249427080154419
3.592656135559082
3.5519368648529053
3.415687084197998
3.720623731613159
3.509854316711426
3.498399257659912
3.3673946857452393
3.4756922721862793
3.509756565093994
3.318448781967163
3.376145839691162
3.302584648132324
3.4554944038391113
3.363939046859741
3.248154401779175
3.379638910293579
3.42055082321167
3.3656997680664062
3.270735263824463
3.3456039428710938
3.4215376377105713
3.4994308948516846
3.652703046798706
3.3266518115997314
3.302671432495117
3.38944935798645
3.1288018226623535
3.4468770027160645
3.2088897228240967
3.1829206943511963
3.264256477355957
3.1914846897125244
3.4275102615356445
3.377737045288086
3.199406623840332
3.4035282135009766
3.395503044128418
3.276590347290039
3.330192804336548
3.4184393882751465
3.4869537353515625
3.180490016937256
3.3377673625946045
3.200713634490967
3.357076406478882
3.0086710453033447
3.493070363998413
3.576523542404175
3.161289691925049
3.2698235511779785
3.003051280975342
3.395939350128174
3.089258909225464
3.1136605739593506
2.922790288925171
3.212048292160034
3.377054214477539
3.2722978591918945
3.3754265308380127
3.18965482711792
3.1498098373413086
3.254394769668579
3.13451886177063
3.097867965698242
3.0042195320129395
3.2189230918884277
3.086367607116699
3.020897388458252
3.161216974258423
2.950706958770752
2.9798319339752197
3.026808023452759
3.041447162628174
3.3923778533935547
3.2474677562713623
3.035898447036743
3.223726272583008
2.9093093872070312
3.051511526107788
2.9936468601226807
3.3757503032684326
2.9834468364715576
3.0946004390716553
3.251521587371826
3.270435333251953
3.0235636234283447
2.728116750717163
3.25911808013916
3.2217283248901367
3.5045647621154785
3.0485918521881104
2.9208552837371826
3.053605794906616
2.9392523765563965
2.7427961826324463
3.4433224201202393
3.1161012649536133
3.073019504547119
2.9024415016174316
2.8073947429656982
3.2101969718933105
3.2415568828582764
2.9369735717773438
3.016582489013672
3.056426525115967
2.93479061126709
3.005598783493042
3.0475385189056396
3.025348424911499
2.80084228515625
2.6825218200683594
2.990715265274048
2.840449094772339
2.94937801361084
2.83011531829834
3.0419974327087402
3.225665807723999
3.0270726680755615
3.0669329166412354
3.0612127780914307
2.982260227203369
3.207278251647949
3.22078537940979
2.996502161026001
2.789933919906616
2.909634828567505
2.9334468841552734
2.750455379486084
3.1312081813812256
3.11287522315979
3.099832534790039
2.8963091373443604
2.773507833480835
2.723708152770996
3.048307180404663
3.0407369136810303
2.950758457183838
2.685037612915039
2.9099347591400146
2.9189271926879883
2.9181740283966064
2.903491735458374
2.9783272743225098
3.1414027214050293
2.9070684909820557
2.718940019607544
2.7718844413757324
2.900160551071167
2.659555673599243
2.685722589492798
2.8596909046173096
2.8748295307159424
2.8099963665008545
2.62424373626709
2.8720459938049316
3.047363758087158
2.758096218109131
2.710017204284668
3.040128707885742
2.702226400375366
2.804641008377075
2.857229709625244
2.8526225090026855
3.0094261169433594
2.8591501712799072
2.56386399269104
2.712021827697754
2.754481315612793
2.768317937850952
2.6285102367401123
2.6263222694396973
2.4392993450164795
2.5075621604919434
2.686091423034668
2.9262969493865967
2.5707528591156006
2.6904585361480713
2.6242358684539795
2.513566732406616
2.648315906524658
2.573476791381836
2.662470579147339
2.790695905685425
2.509045124053955
2.417745590209961
2.4436938762664795
2.5119473934173584
2.5841152667999268
2.5038251876831055
2.6471519470214844
2.426114559173584
2.4373655319213867
2.4680159091949463
2.5585813522338867
2.4172770977020264
2.650240659713745
2.4429781436920166
2.6366629600524902
2.6858320236206055
2.6674630641937256
2.6443090438842773
2.4943783283233643
2.4464855194091797
2.7615625858306885
2.480173110961914
2.5582141876220703
2.729484796524048
2.7020201683044434
2.720018148422241
2.4824187755584717
2.244877576828003
2.3097105026245117
2.658428430557251
2.4034504890441895
2.376075029373169
2.6106021404266357
2.570150852203369
2.3601627349853516
2.1899960041046143
2.316497564315796
2.451375961303711
2.5712389945983887
2.2885797023773193
2.423551559448242
2.519045829772949
2.5496363639831543
2.6856634616851807
2.4246270656585693
2.49721097946167
2.5730628967285156
2.3635454177856445
2.5937304496765137
2.6945247650146484
2.4357235431671143
2.1490373611450195
2.2740108966827393
2.4966061115264893
2.368393659591675
2.5746705532073975
2.2757692337036133
2.2015740871429443
2.190467357635498
2.4368906021118164
2.530785322189331
2.3055572509765625
2.327186107635498
2.321645498275757
2.5150694847106934
2.3594672679901123
2.5605435371398926
2.205723285675049
2.289673089981079
2.3490583896636963
2.345261812210083
2.5689711570739746
2.308225631713867
2.3393092155456543
2.5821926593780518
2.4866952896118164
2.5102405548095703
2.4473042488098145
2.042452335357666
2.3648579120635986
2.2833633422851562
2.365110158920288
2.4828102588653564
2.0696191787719727
2.298316240310669
2.3426287174224854
2.365792989730835
2.4205784797668457
2.5119690895080566
2.2355196475982666
2.420970916748047
2.250669002532959
2.3324592113494873
2.3000752925872803
2.194411516189575
2.254843235015869
2.1638994216918945
2.229490041732788
2.3929152488708496
2.290476083755493
2.5070974826812744
2.5581891536712646
2.3416357040405273
2.2653708457946777
2.533156633377075
2.18245792388916
1.981704592704773
2.058476448059082
2.251466751098633
2.2955353260040283
2.2028279304504395
2.256765127182007
2.291956901550293
2.333299160003662
2.396182060241699
2.3503754138946533
2.046795129776001
2.1175858974456787
2.3062491416931152
2.227879047393799
2.305710554122925
2.102938175201416
2.311023235321045
2.4567458629608154
2.218240737915039
2.382117748260498
2.2426645755767822
2.4001786708831787
2.287294626235962
2.172870397567749
2.3053064346313477
2.289675235748291
2.2703840732574463
2.230494260787964
2.210413932800293
2.166868209838867
2.0784263610839844
2.0827386379241943
2.253490447998047
2.1619296073913574
2.187669038772583
2.3005247116088867
2.232360363006592
2.2269530296325684
2.278350830078125
2.1869750022888184
2.387263298034668
2.2461929321289062
2.2542130947113037
2.1925265789031982
2.0817551612854004
2.3373429775238037
2.4543213844299316
2.249079942703247
2.1938974857330322
2.0501785278320312
2.335991621017456
2.0282022953033447
2.253657579421997
2.1329522132873535
2.12191104888916
2.31162428855896
2.2549781799316406
2.535627603530884
2.4829771518707275
2.4060018062591553
2.2175796031951904
2.214146137237549
2.1725220680236816
2.268751382827759
2.0593247413635254
2.0205063819885254
2.4307377338409424
2.39096736907959
2.0056755542755127
2.0554535388946533
1.8911070823669434
2.041637659072876
2.280812978744507
2.3528575897216797
2.02945876121521
2.1765735149383545
2.175863742828369
2.258202314376831
2.149963617324829
2.1270062923431396
2.0389363765716553
2.265619993209839
2.1063554286956787
2.173412561416626
2.242982864379883
2.1514892578125
2.000494956970215
2.0798022747039795
1.8502647876739502
1.9834890365600586
2.2290618419647217
1.895601511001587
2.253497838973999
2.2930588722229004
2.0414230823516846
2.1333765983581543
2.1950058937072754
2.0698933601379395
2.03837513923645
1.9403280019760132
2.1410603523254395
2.188171148300171
2.257446765899658
2.0171101093292236
2.1640071868896484
2.051625967025757
2.050140380859375
2.320225238800049
2.128270149230957
2.09074068069458
2.168539047241211
2.018974542617798
2.2250707149505615
2.1250929832458496
2.1342339515686035
2.0631918907165527
2.0899527072906494
2.1448891162872314
1.8702516555786133
1.9499924182891846
2.0557878017425537
2.1087801456451416
2.038238286972046
2.225045919418335
2.0215423107147217
2.1462862491607666
2.0268092155456543
2.189223527908325
2.433802843093872
2.059565305709839
2.004210948944092
2.1128170490264893
2.1718461513519287
1.9580626487731934
2.077100992202759
1.834823489189148
1.974922776222229
2.0016119480133057
2.164414167404175
1.9877725839614868
2.0990164279937744
2.2619400024414062
1.841225028038025
2.16843843460083
2.006661891937256
2.137202262878418
1.9145147800445557
2.347683906555176
2.049900531768799
1.8895330429077148
2.0093905925750732
2.169360876083374
2.1069142818450928
1.9703879356384277
1.969281554222107
2.004349946975708
1.9091053009033203
1.9958189725875854
2.3957245349884033
2.061124086380005
2.086822986602783
2.0177440643310547
2.0092885494232178
1.955130934715271
1.9182559251785278
2.1121275424957275
2.0940496921539307
1.8992960453033447
2.0457239151000977
2.175722599029541
1.9034978151321411
2.148606061935425
2.1169791221618652
1.7934120893478394
2.040907859802246
2.157331705093384
2.0270919799804688
1.9550353288650513
2.037480115890503
1.9714428186416626
2.1789841651916504
2.2381436824798584
2.1210789680480957
2.101243257522583
2.0687975883483887
2.079202651977539
2.196124315261841
2.1416523456573486
2.0298588275909424
1.9901362657546997
2.086076498031616
2.0900838375091553
2.100912094116211
2.1131556034088135
2.083775281906128
2.0075833797454834
1.917724609375
1.9978078603744507
1.9890003204345703
2.1387341022491455
2.180614948272705
1.9975805282592773
1.9959590435028076
1.987087607383728
1.9086878299713135
1.6406370401382446
1.7768722772598267
2.3070600032806396
1.8193479776382446
1.967047929763794
1.9048197269439697
1.9827373027801514
1.942746639251709
1.7896029949188232
2.051518440246582
1.9509800672531128
2.2044975757598877
1.8910125494003296
2.0046730041503906
1.9919538497924805
1.989275574684143
2.092559814453125
2.04555606842041
1.914855718612671
1.9583238363265991
1.7959970235824585
1.8126022815704346
2.2663869857788086
2.0077102184295654
1.9669861793518066
1.8397326469421387
2.1547963619232178
1.8750905990600586
1.888647437095642
2.085599184036255
2.191470146179199
1.9292458295822144
1.958783745765686
1.9697201251983643
1.9542078971862793
1.9163947105407715
1.997070074081421
1.892343282699585
1.949636459350586
1.9640194177627563
1.8146145343780518
1.8831650018692017
1.9841082096099854
2.1807966232299805
2.0392065048217773
2.2232940196990967
2.049614906311035
1.881277322769165
2.10125732421875
1.7763296365737915
2.2146146297454834
2.1442556381225586
1.917149305343628
1.7444443702697754
1.8982696533203125
2.0391807556152344
1.982893705368042
1.8497209548950195
1.86943519115448
2.0007057189941406
1.9681875705718994
1.9242045879364014
1.886804223060608
1.9935864210128784
1.8186802864074707
1.8116364479064941
1.9149693250656128
2.018065929412842
2.0013489723205566
1.9894462823867798
1.8617804050445557
1.9820564985275269
1.9891718626022339
1.792425274848938
1.771363615989685
1.9429911375045776
1.6351475715637207
1.8614846467971802
1.8456794023513794
1.6535147428512573
1.9174684286117554
1.8046095371246338
1.8292585611343384
1.5885167121887207
1.928632378578186
1.7131553888320923
1.9708210229873657
1.7943841218948364
1.997490644454956
2.0068323612213135
1.9678269624710083
1.9007490873336792
2.0066938400268555
1.8179693222045898
2.007263422012329
1.923565149307251
1.8930284976959229
1.8673603534698486
1.8073434829711914
2.105177164077759
2.0461573600769043
2.050581455230713
1.7594107389450073
1.9185832738876343
2.120486259460449
1.9918171167373657
1.9814471006393433
1.8619619607925415
2.0385093688964844
1.979867696762085
1.957119107246399
1.9888086318969727
1.9315205812454224
1.7589044570922852
1.8239762783050537
1.9104745388031006
1.9903067350387573
1.9869974851608276
1.7770583629608154
1.9912712574005127
2.0805299282073975
1.9313312768936157
1.8665844202041626
1.867231845855713
1.858502745628357
1.886988639831543
1.7593212127685547
1.8698879480361938
1.8103734254837036
1.8037060499191284
1.8475943803787231
2.0273163318634033
1.7572978734970093
1.8400661945343018
2.023416757583618
1.8448320627212524
1.8361583948135376
2.0043373107910156
1.7297002077102661
1.912490725517273
1.7517921924591064
1.8538944721221924
1.7733511924743652
2.016807794570923
1.8665192127227783
1.829888939857483
1.8387033939361572
2.007958173751831
1.9026914834976196
1.9001091718673706
1.5528409481048584
2.0535805225372314
1.7562477588653564
1.93425452709198
1.9918622970581055
1.8125237226486206
1.756793737411499
1.854058027267456
2.2489120960235596
1.7577699422836304
1.8819955587387085
1.9239808320999146
1.8698562383651733
1.6725951433181763
1.6094287633895874
1.7588263750076294
1.9952305555343628
1.8908554315567017
1.8901584148406982
1.7659974098205566
2.096280336380005
1.8396002054214478
1.7234715223312378
1.850287675857544
2.031674385070801
1.7845631837844849
1.7446939945220947
1.9745452404022217
2.0000290870666504
1.7661505937576294
1.8657790422439575
1.8318250179290771
1.7754112482070923
1.8640304803848267
1.8266593217849731
1.8944789171218872
1.7403688430786133
1.9748084545135498
1.9007362127304077
1.9956456422805786
1.929984450340271
1.770211100578308
1.7828105688095093
1.6015123128890991
1.7473539113998413
1.8840287923812866
1.7998360395431519
1.8970226049423218
1.6644809246063232
1.7449991703033447
1.549320101737976
1.8321603536605835
1.7850792407989502
1.7599984407424927
1.68911874294281
1.6296874284744263
1.7950596809387207
1.7508172988891602
1.7960292100906372
1.9139089584350586
1.9439200162887573
1.857848048210144
1.7923102378845215
1.5818620920181274
1.8900126218795776
1.830473780632019
1.7693103551864624
1.6443949937820435
1.818005084991455
1.8857368230819702
2.003916025161743
1.65591299533844
1.8615168333053589
1.7669053077697754
1.738124132156372
1.6955205202102661
1.882707118988037
1.6870672702789307
2.0446243286132812
1.7430362701416016
1.9876924753189087
1.8085633516311646
1.8587270975112915
1.797965407371521
1.669101357460022
1.8629873991012573
1.6305330991744995
1.811740517616272
1.6656217575073242
1.8851982355117798
1.6405353546142578
1.7687442302703857
1.8371474742889404
1.607300877571106
1.8064844608306885
1.9354645013809204
1.8016090393066406
1.752618432044983
1.9359208345413208
1.9388800859451294
1.652011513710022
1.8856738805770874
1.8308988809585571
1.7941287755966187
1.716749906539917
1.6845821142196655
1.819545865058899
1.7622660398483276
1.705032467842102
1.8305692672729492
1.5889490842819214
1.8475404977798462
1.6910548210144043
1.7860344648361206
1.6795673370361328
1.6497904062271118
1.6890357732772827
1.665404200553894
1.7117525339126587
1.748581051826477
1.8186599016189575
1.6833900213241577
1.6302895545959473
1.807870626449585
1.7061716318130493
1.6321091651916504
1.8441208600997925
1.80233633518219
1.7171770334243774
1.7022954225540161
1.7903951406478882
1.9769673347473145
1.7157950401306152
1.6985934972763062
1.868025779724121
1.8459489345550537
1.6619179248809814
1.7538090944290161
1.5928953886032104
1.7047466039657593
1.668853521347046
1.8190336227416992
1.8423162698745728
1.8202499151229858
1.7411454916000366
1.5972859859466553
1.729244351387024
1.844290852546692
1.7013663053512573
1.6783195734024048
1.4323523044586182
1.6946384906768799
1.6612659692764282
1.6629880666732788
1.7534008026123047
1.7518243789672852
1.69484281539917
1.69550359249115
1.7333158254623413
1.6046086549758911
1.7468370199203491
1.683342456817627
1.6661429405212402
1.790979266166687
1.6462922096252441
1.4789057970046997
1.7694257497787476
1.748449683189392
1.7609378099441528
1.778676986694336
1.9046510457992554
1.8410847187042236
1.6393086910247803
1.6964348554611206
1.8710240125656128
1.6714389324188232
1.6984392404556274
1.8804527521133423
1.6742794513702393
1.7807271480560303
1.5533332824707031
1.6763768196105957
1.3034930229187012
1.7180161476135254
1.7790223360061646
1.5872024297714233
1.6482113599777222
1.6950043439865112
1.6919276714324951
1.7381194829940796
1.7334409952163696
1.6555546522140503
1.8783986568450928
1.67322838306427
1.552864670753479
1.7871792316436768
1.7351875305175781
1.8194034099578857
1.7678272724151611
1.6319456100463867
1.7573758363723755
1.6238497495651245
1.6797873973846436
1.7704633474349976
1.833933711051941
1.5659303665161133
1.6588884592056274
1.7115087509155273
1.6740316152572632
1.6831287145614624
1.6025569438934326
1.608659029006958
1.7138715982437134
1.5551234483718872
1.5564075708389282
1.5954694747924805
1.6279408931732178
1.8203318119049072
1.7524014711380005
1.6558806896209717
1.6878103017807007
1.6790821552276611
1.6910536289215088
1.7350772619247437
1.697792887687683
1.6364110708236694
1.6673663854599
1.710990309715271
1.7416342496871948
1.6318598985671997
1.6823482513427734
1.627539038658142
1.7487279176712036
1.6684114933013916
1.734861969947815
1.5496163368225098
1.5308243036270142
1.5632685422897339
1.5641900300979614
1.7702101469039917
1.6432119607925415
1.579491376876831
1.5473841428756714
1.523684024810791
1.6241281032562256
1.6624151468276978
1.547562837600708
1.6224853992462158
1.6186130046844482
1.630111575126648
1.6444710493087769
1.7197062969207764
1.6860591173171997
1.5865585803985596
1.6511636972427368
1.5584743022918701
1.7316151857376099
1.6106857061386108
1.6818745136260986
1.7184796333312988
1.6676223278045654
1.6913436651229858
1.556683897972107
1.666140079498291
1.6174923181533813
1.4651604890823364
1.6508842706680298
1.5862035751342773
1.5938575267791748
1.8004918098449707
1.6632810831069946
1.694921851158142
1.571658968925476
1.6176072359085083
1.662490725517273
1.5010061264038086
1.7131273746490479
1.5479506254196167
1.9942660331726074
1.554802417755127
1.6672817468643188
1.6289018392562866
1.546750783920288
1.4050194025039673
1.5481784343719482
1.6606082916259766
1.409482479095459
1.582247018814087
1.5784484148025513
1.7066575288772583
1.6389539241790771
1.647271990776062
1.5955390930175781
1.567408800125122
1.6103016138076782
1.6127901077270508
1.54106867313385
1.5997354984283447
1.5826634168624878
1.6431864500045776
1.643346905708313
1.415339469909668
1.5869735479354858
1.5804013013839722
1.705187439918518
1.8078466653823853
1.530087947845459
1.6912189722061157
1.5599969625473022
1.6238818168640137
1.7794392108917236
1.4793570041656494
1.5593167543411255
1.4932632446289062
1.6506041288375854
1.5413981676101685
1.4953372478485107
1.5230437517166138
1.5585283041000366
1.5418200492858887
1.5528888702392578
1.558112621307373
1.5427731275558472
1.4754533767700195
1.5363855361938477
1.615686058998108
1.5436341762542725
1.5092856884002686
1.6146552562713623
1.6719396114349365
1.7678405046463013
1.6857513189315796
1.581672191619873
1.5154472589492798
1.7063686847686768
1.609854817390442
1.555922508239746
1.6034661531448364
1.5257153511047363
1.5273326635360718
1.4188705682754517
1.6973985433578491
1.5007747411727905
1.5751694440841675
1.5780084133148193
1.4604216814041138
1.511329174041748
1.366474986076355
1.5180379152297974
1.5572155714035034
1.6085776090621948
1.502286672592163
1.590380311012268
1.5832254886627197
1.6111072301864624
1.6618891954421997
1.5948785543441772
1.490013599395752
1.4567509889602661
1.5209872722625732
1.630677342414856
1.5450552701950073
1.5723637342453003
1.5904158353805542
1.6072564125061035
1.5071232318878174
1.4630451202392578
1.5296334028244019
1.5546989440917969
1.6508846282958984
1.6511479616165161
1.3997728824615479
1.5043535232543945
1.6121876239776611
1.2705482244491577
1.5904805660247803
1.4120467901229858
1.611426591873169
1.4762476682662964
1.573773741722107
1.4904159307479858
1.589198112487793
1.5610841512680054
1.4828548431396484
1.5240459442138672
1.353931188583374
1.5071563720703125
1.6609376668930054
1.5398104190826416
1.7194703817367554
1.4306933879852295
1.5958991050720215
1.5755157470703125
1.5904597043991089
1.6106091737747192
1.4552106857299805
1.5516095161437988
1.4762722253799438
1.4442662000656128
1.647260308265686
1.4617043733596802
1.557702660560608
1.4746609926223755
1.6269094944000244
1.574432373046875
1.4679638147354126
1.5376423597335815
1.5663011074066162
1.5363256931304932
1.4497541189193726
1.6092875003814697
1.548643946647644
1.5554611682891846
1.6984679698944092
1.4748387336730957
1.4948941469192505
1.520266056060791
1.3905044794082642
1.4323678016662598
1.5253528356552124
1.4754445552825928
1.676089882850647
1.5051981210708618
1.5462238788604736
1.3237595558166504
1.5467901229858398
1.5559415817260742
1.3899399042129517
1.4026734828948975
1.4362554550170898
1.4017465114593506
1.4595285654067993
1.4434046745300293
1.5255376100540161
1.427935004234314
1.486325740814209
1.4808231592178345
1.3811049461364746
1.5183756351470947
1.5760706663131714
1.5326378345489502
1.4378836154937744
1.3018348217010498
1.6203747987747192
1.498507022857666
1.5211776494979858
1.3631879091262817
1.480026364326477
1.4761676788330078
1.3508354425430298
1.4438930749893188
1.4393768310546875
1.5103905200958252
1.4675909280776978
1.4005777835845947
1.4212638139724731
1.4947519302368164
1.4542118310928345
1.3555967807769775
1.5217714309692383
1.4860953092575073
1.3522380590438843
1.4649889469146729
1.4356845617294312
1.4098858833312988
1.4690272808074951
1.560135006904602
1.397887110710144
1.3385162353515625
1.6149861812591553
1.193834662437439
1.3895437717437744
1.4129447937011719
1.3804295063018799
1.3949015140533447
1.449410319328308
1.498437523841858
1.4377363920211792
1.4347747564315796
1.5318434238433838
1.6295744180679321
1.4775055646896362
1.4339375495910645
1.4889518022537231
1.3889180421829224
1.567093014717102
1.4142776727676392
1.3875457048416138
1.3789674043655396
1.4747542142868042
1.4222018718719482
1.5147287845611572
1.6122459173202515
1.4763680696487427
1.6427111625671387
1.4980028867721558
1.410361886024475
1.4514583349227905
1.5811270475387573
1.6696839332580566
1.4570304155349731
1.4004411697387695
1.3506927490234375
1.6720036268234253
1.5055054426193237
1.3895312547683716
1.4392881393432617
1.4974944591522217
1.3934838771820068
1.328748345375061
1.379403829574585
1.4247304201126099
1.49439537525177
1.3633559942245483
1.5395658016204834
1.4204093217849731
1.3268321752548218
1.2833318710327148
1.4022423028945923
1.3346964120864868
1.4570897817611694
1.3917678594589233
1.3611360788345337
1.3438669443130493
1.3405048847198486
1.335022211074829
1.4958873987197876
1.3935918807983398
1.5154248476028442
1.4533836841583252
1.5341509580612183
1.4516483545303345
1.5123870372772217
1.4159934520721436
1.4896321296691895
1.4114514589309692
1.5268975496292114
1.4803026914596558
1.4467477798461914
1.4384347200393677
1.4854743480682373
1.512040615081787
1.3813689947128296
1.4969189167022705
1.3896507024765015
1.349400281906128
1.5822243690490723
1.5353118181228638
1.3802851438522339
1.429494857788086
1.4261614084243774
1.5550868511199951
1.3797682523727417
1.3631489276885986
1.3951534032821655
1.4501160383224487
1.4587539434432983
1.3433948755264282
1.2818591594696045
1.4336527585983276
1.431251883506775
1.4265538454055786
1.472348928451538
1.4921108484268188
1.361512541770935
1.3958394527435303
1.5020781755447388
1.3694813251495361
1.3935902118682861
1.3252137899398804
1.4639314413070679
1.3933788537979126
1.331957221031189
1.4479821920394897
1.4886983633041382
1.360582947731018
1.4519360065460205
1.5052900314331055
1.4086008071899414
1.3833626508712769
1.414984107017517
1.360795021057129
1.4533109664916992
1.3338067531585693
1.2655848264694214
1.295400619506836
1.3602056503295898
1.4046790599822998
1.344038963317871
1.2633916139602661
1.4302195310592651
1.3382917642593384
1.3344913721084595
1.2866584062576294
1.3365370035171509
1.319877028465271
1.4635365009307861
1.3587831258773804
1.3832775354385376
1.283399224281311
1.341274380683899
1.4021856784820557
1.4421747922897339
1.256788969039917
1.3504973649978638
1.281765103340149
1.3646153211593628
1.363222599029541
1.228782296180725
1.4754891395568848
1.424722671508789
1.5270942449569702
1.3075683116912842
1.425365686416626
1.2825881242752075
1.2977349758148193
1.3302704095840454
1.3841780424118042
1.46047842502594
1.3183629512786865
1.4214813709259033
1.3183817863464355
1.3753557205200195
1.4208155870437622
1.3718090057373047
1.4448175430297852
1.2909634113311768
1.3318238258361816
1.254714012145996
1.284528374671936
1.6081944704055786
1.2723652124404907
1.2090022563934326
1.458886742591858
1.4090155363082886
1.4157673120498657
1.440840721130371
1.413802146911621
1.276740312576294
1.5671827793121338
1.36829674243927
1.3469821214675903
1.3888907432556152
1.2732588052749634
1.398470163345337
1.3281362056732178
1.3482673168182373
1.2262099981307983
1.3836714029312134
1.2934457063674927
1.3440626859664917
1.338113784790039
1.278457522392273
1.2903664112091064
1.4600512981414795
1.2788597345352173
1.2851346731185913
1.3219799995422363
1.3569422960281372
1.242039680480957
1.4398399591445923
1.419201135635376
1.0866048336029053
1.333239197731018
1.3280245065689087
1.2217097282409668
1.248083472251892
1.3319932222366333
1.2948520183563232
1.1508896350860596
1.3103344440460205
1.3204693794250488
1.3871510028839111
1.3131835460662842
1.2499207258224487
1.3648595809936523
1.366544246673584
1.3877087831497192
1.4018672704696655
1.3235477209091187
1.2575960159301758
1.336320161819458
1.376978874206543
1.3391038179397583
1.3410961627960205
1.2848893404006958
1.4512096643447876
1.297269582748413
1.3806273937225342
1.350720763206482
1.292553186416626
1.3105409145355225
1.407522439956665
1.3232035636901855
1.1581851243972778
1.2707912921905518
1.346624493598938
1.3474595546722412
1.3492779731750488
1.3584094047546387
1.2207748889923096
1.227651834487915
1.3540693521499634
1.3507497310638428
1.4512412548065186
1.4132286310195923
1.3497408628463745
1.2690081596374512
1.2532655000686646
1.4062081575393677
1.3545341491699219
1.3488565683364868
1.386842131614685
1.3217930793762207
1.3569320440292358
1.3573640584945679
1.2620224952697754
1.471289873123169
1.3040025234222412
1.3119341135025024
1.2845587730407715
1.3027037382125854
1.286412239074707
1.2311562299728394
1.2809430360794067
1.2570152282714844
1.3286542892456055
1.2308379411697388
1.3173524141311646
1.4224084615707397
1.2724854946136475
1.3030054569244385
1.340906023979187
1.3325965404510498
1.238925576210022
1.3399831056594849
1.3208647966384888
1.2330443859100342
1.3874109983444214
1.2248517274856567
1.3474092483520508
1.403115153312683
1.2517967224121094
1.3229317665100098
1.3393590450286865
1.260991096496582
1.2865281105041504
1.298338770866394
1.3505676984786987
1.3904932737350464
1.2634260654449463
1.2969826459884644
1.2234406471252441
1.2842085361480713
1.2204748392105103
1.312793254852295
1.3776891231536865
1.2577697038650513
1.2443227767944336
1.295592188835144
1.2955129146575928
1.2852261066436768
1.3035293817520142
1.2838125228881836
1.341448187828064
1.2792623043060303
1.2882459163665771
1.3181333541870117
1.140990138053894
1.327828049659729
1.2992706298828125
1.227107048034668
1.3306914567947388
1.2704609632492065
1.1516330242156982
1.2641315460205078
1.1946560144424438
1.2759122848510742
1.268655776977539
1.196655035018921
1.241210699081421
1.3195801973342896
1.2093249559402466
1.2471224069595337
1.1330912113189697
1.3473376035690308
1.264473557472229
1.2980045080184937
1.2469037771224976
1.3020553588867188
1.4403276443481445
1.4569776058197021
1.2828795909881592
1.2942850589752197
1.3261839151382446
1.248414397239685
1.256779670715332
1.2897214889526367
1.2824549674987793
1.2302442789077759
1.237579584121704
1.2222764492034912
1.2647045850753784
1.2642070055007935
1.2202367782592773
1.2150497436523438
1.395689845085144
1.1274734735488892
1.2610303163528442
1.2689167261123657
1.2155665159225464
1.2306735515594482
1.2759541273117065
1.1790931224822998
1.2469282150268555
1.2050495147705078
1.2562041282653809
1.2370305061340332
1.117968201637268
1.1504329442977905
1.2891336679458618
1.209004282951355
1.4042949676513672
1.2904398441314697
1.3008335828781128
1.1412689685821533
1.2136977910995483
1.2128653526306152
1.1908022165298462
1.2126466035842896
1.2195203304290771
1.2194982767105103
1.1625518798828125
1.3320642709732056
1.2481070756912231
1.2688063383102417
1.221110224723816
1.1328856945037842
1.2156916856765747
1.3536165952682495
1.2446436882019043
1.1380387544631958
1.1954842805862427
1.139295220375061
1.1078928709030151
1.1629067659378052
1.1772581338882446
1.1887459754943848
1.3020713329315186
1.1367952823638916
1.3186784982681274
1.1094975471496582
1.2431437969207764
1.1974740028381348
1.2090092897415161
1.186965823173523
1.178314208984375
1.1769192218780518
1.2429327964782715
1.2202357053756714
1.2125526666641235
1.1325361728668213
1.1431163549423218
1.1262236833572388
1.1436578035354614
1.2510347366333008
1.1362199783325195
1.1854629516601562
1.1898587942123413
1.2153152227401733
1.1783289909362793
1.2526466846466064
1.123172402381897
1.2829428911209106
1.1562204360961914
1.2747836112976074
1.2276190519332886
1.1775010824203491
1.1828994750976562
1.1396251916885376
1.2143819332122803
1.2328131198883057
1.2433596849441528
1.204452633857727
1.1860486268997192
1.2858695983886719
1.3180418014526367
1.3096392154693604
1.2441582679748535
1.0508577823638916
1.1317627429962158
1.3044650554656982
1.1982011795043945
1.1880592107772827
1.158166766166687
1.179342269897461
1.1817259788513184
1.132999300956726
1.1189110279083252
1.1875635385513306
1.1973109245300293
1.237851858139038
1.2627546787261963
1.2336479425430298
1.1483994722366333
1.1175786256790161
1.16679847240448
1.2004518508911133
1.009946346282959
1.1797213554382324
1.1976902484893799
1.1366406679153442
1.1032261848449707
1.1811977624893188
1.0986042022705078
1.1111785173416138
1.1982808113098145
1.2454023361206055
1.142404317855835
1.2100999355316162
1.1869946718215942
1.2568656206130981
1.101274013519287
1.1260855197906494
1.1771267652511597
1.2152718305587769
1.1963541507720947
1.1377588510513306
1.2323193550109863
1.1135401725769043
1.1649419069290161
1.1542149782180786
1.179821491241455
1.1713614463806152
1.1691181659698486
1.1550581455230713
1.196345329284668
1.0636667013168335
1.1945686340332031
1.1297986507415771
1.1369191408157349
1.1889113187789917
1.312109351158142
1.128003716468811
1.2325053215026855
1.1075903177261353
1.135839819908142
1.2309917211532593
1.12556791305542
1.1486032009124756
1.2141355276107788
1.108964204788208
1.1363641023635864
1.1400983333587646
1.1608089208602905
1.1732009649276733
1.1726630926132202
1.086000919342041
1.214765191078186
1.1643909215927124
1.2333416938781738
1.1302759647369385
1.188410997390747
1.1862152814865112
1.1470030546188354
1.172553539276123
1.1349833011627197
1.0857775211334229
1.1563924551010132
1.2220959663391113
1.212283968925476
1.1107819080352783
1.1537995338439941
1.073726773262024
1.1864086389541626
1.1660100221633911
1.2229081392288208
1.1525870561599731
1.2168729305267334
1.1715489625930786
1.1661075353622437
1.1801464557647705
1.134350061416626
1.0812654495239258
1.133535623550415
1.1943717002868652
1.0796730518341064
1.1786600351333618
1.0808342695236206
1.0280382633209229
1.1426419019699097
1.0035816431045532
1.1389238834381104
1.1029133796691895
1.0704137086868286
1.1722904443740845
1.1794852018356323
1.1262568235397339
1.0937983989715576
1.1267571449279785
1.140145182609558
1.2630671262741089
1.0615965127944946
1.1322516202926636
1.125028371810913
1.169607400894165
1.1140621900558472
1.177567481994629
1.1004729270935059
1.050240159034729
1.0467464923858643
1.0866330862045288
1.1971968412399292
1.1654974222183228
1.4261399507522583
0.9815577268600464
1.0751415491104126
1.1045665740966797
1.191623568534851
1.11680006980896
1.0968022346496582
1.1482330560684204
1.1079037189483643
1.0200705528259277
1.14529287815094
1.0081967115402222
1.209501028060913
1.1287509202957153
1.1195658445358276
1.1141595840454102
1.12825345993042
1.1301730871200562
1.085503101348877
1.1482131481170654
1.107890009880066
1.0848690271377563
1.1558637619018555
1.1230361461639404
1.0472962856292725
1.0507258176803589
1.2455090284347534
1.1154069900512695
1.191728949546814
1.0416122674942017
1.118837833404541
1.082273244857788
0.9974693655967712
1.1083269119262695
1.0962036848068237
1.0680897235870361
1.101549744606018
1.1108418703079224
1.1731810569763184
1.0258010625839233
1.0941171646118164
1.037253737449646
1.1578494310379028
1.094177484512329
1.1063345670700073
1.145138144493103
1.0416260957717896
1.0496653318405151
1.0580211877822876
1.1523327827453613
1.1349836587905884
1.0801576375961304
1.1005467176437378
1.10826575756073
1.1830531358718872
1.0914056301116943
1.101893424987793
1.1381163597106934
1.1080067157745361
1.1048678159713745
1.1091129779815674
1.1060870885849
1.0597459077835083
1.091332197189331
1.1144424676895142
1.1003741025924683
1.1528478860855103
1.111255168914795
0.9644811749458313
1.0191504955291748
1.0481904745101929
1.1129496097564697
1.1246675252914429
1.037951111793518
1.0953717231750488
1.09873628616333
0.995392382144928
1.088003396987915
1.0713210105895996
1.060573935508728
1.0416662693023682
1.0029217004776
1.105818748474121
1.0309889316558838
1.089675784111023
1.0295851230621338
1.075355052947998
1.1161580085754395
1.1026551723480225
1.1163434982299805
1.0727416276931763
1.1157574653625488
1.1276849508285522
1.0153560638427734
1.0154035091400146
1.113843560218811
1.1845974922180176
1.1222386360168457
1.032286524772644
1.0895100831985474
1.135279893875122
1.0554455518722534
1.108762264251709
1.0981546640396118
1.089056134223938
1.033432960510254
1.1059519052505493
1.0236774682998657
1.1079105138778687
1.0606870651245117
1.1397488117218018
1.0849148035049438
1.056833028793335
1.0347566604614258
1.0515520572662354
1.0661028623580933
1.1013461351394653
1.0407272577285767
1.041142463684082
1.0691852569580078
1.0309710502624512
1.0753062963485718
1.160882592201233
0.9848849177360535
1.0682440996170044
1.0081089735031128
1.078620433807373
1.067169189453125
1.0956206321716309
1.0177568197250366
1.054706335067749
0.9713948369026184
1.020496129989624
1.0268120765686035
1.0177797079086304
1.0771033763885498
1.0188632011413574
1.0732706785202026
1.0394740104675293
1.020414113998413
1.1049238443374634
1.0658106803894043
0.98862624168396
1.0999360084533691
1.0611257553100586
1.040310025215149
1.0619871616363525
1.0923064947128296
1.0066900253295898
1.1162792444229126
1.0272430181503296
1.0724751949310303
1.051349401473999
1.0806704759597778
1.031779170036316
1.0044193267822266
0.9889847040176392
1.0420111417770386
1.0200841426849365
1.0269076824188232
0.9899917840957642
1.0708131790161133
1.0718694925308228
1.0766361951828003
1.0659104585647583
1.1306509971618652
1.1489169597625732
1.0853140354156494
1.0592761039733887
1.0392524003982544
1.0431357622146606
1.1005724668502808
1.0491318702697754
0.9728549122810364
1.0975438356399536
1.0706567764282227
1.1573214530944824
0.8986738920211792
1.0544730424880981
0.9751337170600891
1.0835061073303223
1.0574795007705688
1.077871561050415
1.0810322761535645
1.020660638809204
0.9488212466239929
1.0309978723526
1.040289044380188
1.0279195308685303
1.077143907546997
1.0424212217330933
1.0550135374069214
1.032618522644043
0.9346967339515686
0.9739714860916138
1.0342838764190674
1.030361294746399
0.9008278250694275
1.046669602394104
1.0563088655471802
0.9902727603912354
1.002100944519043
1.0870989561080933
1.0988956689834595
1.059159278869629
0.9956242442131042
1.0536305904388428
1.0003743171691895
1.0285751819610596
1.041429042816162
1.0272467136383057
1.0427849292755127
1.0750054121017456
1.0596184730529785
0.964160144329071
1.1071066856384277
1.0937950611114502
1.0059027671813965
1.0354090929031372
1.083773136138916
1.1079820394515991
1.0881080627441406
1.0567326545715332
1.0541975498199463
1.1037473678588867
1.0393457412719727
0.9686548709869385
1.0232906341552734
1.005188226699829
1.082018494606018
0.9697181582450867
1.0409371852874756
1.0732508897781372
1.0691701173782349
1.0054121017456055
1.029681921005249
1.128860592842102
1.0538668632507324
0.9555897116661072
1.099696159362793
1.01058828830719
1.0365232229232788
1.0219521522521973
1.055587887763977
1.0041109323501587
0.9806084632873535
1.0248064994812012
1.0454046726226807
1.041077971458435
1.0524028539657593
0.9800001978874207
1.1109530925750732
1.0241541862487793
0.9752036333084106
1.0090266466140747
1.0179942846298218
1.0095927715301514
0.9318249225616455
1.0451492071151733
0.9866054654121399
0.9304450750350952
1.034611701965332
1.0640705823898315
0.9636778831481934
1.0101101398468018
1.0463987588882446
1.0404627323150635
1.0133694410324097
0.9630537629127502
1.028172254562378
1.0363131761550903
0.977621853351593
1.0337544679641724
1.0762438774108887
1.018458366394043
1.0561553239822388
1.0188368558883667
0.9617796540260315
1.0310181379318237
0.9251471757888794
1.0067099332809448
1.0281405448913574
0.9803555607795715
0.8989134430885315
0.9844533205032349
0.9452846646308899
1.011063575744629
0.9964195489883423
0.8926591277122498
1.0131654739379883
0.9358015656471252
1.0173218250274658
0.9716812372207642
0.927681565284729
0.9025111794471741
0.9922758340835571
0.9758236408233643
0.9651248455047607
1.0266602039337158
0.9366979002952576
0.956917941570282
1.0241082906723022
1.0039820671081543
1.0182464122772217
0.9555810689926147
0.9788761734962463
0.9995822906494141
1.002252221107483
0.9827573299407959
1.0247985124588013
0.9627087116241455
1.0332131385803223
0.9629501104354858
1.0503804683685303
0.8398909568786621
0.9374338388442993
0.9769670963287354
0.9694616794586182
0.9854991436004639
1.0113469362258911
0.9739923477172852
0.9257538914680481
0.9770203828811646
0.9781723618507385
0.9776372909545898
1.0755257606506348
0.9698746204376221
0.96271151304245
0.9902046322822571
0.9821063876152039
0.9897791743278503
0.9944394826889038
0.9977262616157532
0.9870507717132568
1.0530354976654053
0.9817373752593994
1.0014867782592773
0.923191249370575
1.01350736618042
0.9873437285423279
1.0253087282180786
0.9478723406791687
0.9706887006759644
0.9666431546211243
1.007243275642395
1.0409013032913208
0.9797084927558899
1.0035276412963867
0.9928063750267029
0.9406946897506714
0.9255368709564209
0.9202093482017517
0.9941918849945068
1.0029234886169434
0.9464917182922363
1.007015585899353
1.039061427116394
0.9557613730430603
0.9749874472618103
0.9368929862976074
0.9820230603218079
0.9335368275642395
1.0081192255020142
0.948208212852478
1.0751731395721436
1.0031081438064575
0.9731730222702026
0.9821321368217468
0.9897720813751221
0.9213582873344421
0.9812613129615784
0.9809817671775818
0.98602294921875
1.0109095573425293
1.0196352005004883
0.9482560753822327
0.9576086401939392
0.9801586866378784
0.9974209666252136
0.9576100707054138
0.9650008678436279
0.9327919483184814
0.9455006122589111
0.9428156018257141
0.9367234110832214
1.0115861892700195
0.9447347521781921
0.930618166923523
0.9529483318328857
0.9568291902542114
0.9531916975975037
0.9404008388519287
1.0029300451278687
0.9010289311408997
0.9129698872566223
1.015458583831787
1.034170389175415
1.014066219329834
0.969657301902771
0.9662988185882568
0.9785745739936829
0.9253048896789551
0.9505077004432678
1.0159246921539307
0.9631713032722473
0.990390956401825
0.9658148884773254
1.0404244661331177
0.975489616394043
0.9910293817520142
0.9630801677703857
0.9585919976234436
0.9770533442497253
0.910166323184967
0.973740816116333
0.9593793153762817
1.0162334442138672
0.9718244075775146
0.941428542137146
0.8877675533294678
1.0757428407669067
0.9805506467819214
0.9589358568191528
0.9956347942352295
0.9427456855773926
1.033233642578125
0.9746262431144714
0.9147640466690063
0.9759160876274109
0.9267144203186035
0.9679839611053467
1.0057339668273926
0.9639910459518433
0.8867713809013367
1.041784405708313
0.9092925190925598
0.9935412406921387
0.9470901489257812
0.9556757211685181
0.9830896854400635
0.938930094242096
0.9543256163597107
0.9513531923294067
0.9106361269950867
0.9498432874679565
0.8903994560241699
0.9037323594093323
0.9318966269493103
0.9027407765388489
1.0261797904968262
0.9562729597091675
0.8983875513076782
0.9685440063476562
0.8872449994087219
0.9192419052124023
0.9583929181098938
0.9514475464820862
0.9432389736175537
1.0070607662200928
1.0200165510177612
0.9332926869392395
0.9702932834625244
0.9468941688537598
1.0039279460906982
0.8987951874732971
0.926627516746521
0.9363892674446106
0.8681744933128357
0.9224761128425598
0.9514761567115784
0.8704004883766174
0.9922636151313782
0.862043023109436
0.9238741993904114
0.9983760118484497
0.9218753576278687
1.0443015098571777
0.892828106880188
0.9392827749252319
0.9472115635871887
0.8935831785202026
0.9591827988624573
0.9476839900016785
0.9155909419059753
0.9933698177337646
0.896807849407196
0.8993933796882629
0.8787504434585571
0.9320081472396851
0.9769694209098816
0.9103094339370728
0.8875682353973389
0.9187659621238708
0.9023189544677734
0.8999961018562317
0.8795585036277771
0.9294069409370422
1.020801305770874
0.9320207238197327
0.9927670955657959
0.9785774350166321
0.9113984704017639
0.9822943806648254
0.892922043800354
0.9367302060127258
0.9020963311195374
0.925804078578949
0.8700600266456604
0.9138978123664856
0.8947967290878296
0.9389907121658325
0.9161583185195923
1.0307297706604004
0.9623239040374756
0.9086200594902039
0.9881500601768494
0.8576961159706116
0.8636413812637329
0.945556104183197
0.9603431224822998
0.8705922365188599
0.9897925853729248
0.9745543599128723
0.9323741793632507
0.9152085185050964
0.9432480931282043
0.9066410660743713
0.8647264838218689
0.9177574515342712
0.9312766194343567
0.9236491322517395
0.9468481540679932
0.9420179128646851
0.8978424668312073
0.9501081109046936
0.9327221512794495
0.8735721111297607
0.867540717124939
0.894216001033783
0.9635939598083496
0.8719372749328613
0.9330445528030396
0.9574320912361145
0.9980837106704712
0.906150758266449
0.914638102054596
0.885672390460968
0.9285346865653992
0.9523510932922363
0.9523757100105286
0.8896413445472717
0.9120859503746033
0.9011015892028809
0.8796651363372803
0.927585780620575
0.9280298948287964
0.9378301501274109
0.9220724701881409
0.8826099634170532
0.863663911819458
0.9050899147987366
0.920091986656189
0.9232450723648071
0.9749161005020142
0.9470203518867493
0.9387332201004028
0.8962725400924683
0.8610442876815796
0.9241577386856079
0.8872975707054138
0.934126615524292
0.9844468832015991
0.964207649230957
0.9720705151557922
0.9691036939620972
1.018628478050232
0.9560778737068176
0.9062000513076782
0.8653552532196045
0.9270205497741699
0.9952479004859924
0.9529730677604675
0.9451372623443604
0.9320745468139648
0.8557942509651184
0.9974148869514465
0.8973115682601929
0.9056748151779175
0.9115108251571655
0.9232359528541565
0.9305281043052673
0.911217451095581
0.940263032913208
0.9433739185333252
0.9296097159385681
0.9256904721260071
0.9677528142929077
0.9081465005874634
0.8792098760604858
0.9143311381340027
0.9037776589393616
0.9525933265686035
0.8805686831474304
0.9638993740081787
0.9093176126480103
0.8527950644493103
0.9027689695358276
0.9543055295944214
0.9598641395568848
0.8520197868347168
0.8815935850143433
0.9392420649528503
0.9203450083732605
0.9500719308853149
0.9484106302261353
0.9112942814826965
0.9479973912239075
0.8717700839042664
0.881026566028595
0.8701663017272949
0.8848757147789001
0.9317107796669006
0.9627304673194885
0.8449959754943848
0.873857319355011
0.8641777038574219
0.9609144330024719
0.9527590274810791
0.9352606534957886
0.9109103679656982
0.8725672960281372
0.9093676209449768
0.8972712755203247
0.9713929295539856
0.8958324193954468
0.8950397372245789
0.9125918745994568
0.9557408690452576
0.8767645955085754
0.8628888130187988
0.9553467035293579
0.8309201002120972
0.9394869804382324
0.9076809883117676
0.921142578125
1.0059802532196045
0.9100068211555481
0.8757455945014954
0.9357427358627319
0.8816659450531006
0.9204390048980713
0.9219458103179932
0.9486703276634216
0.8902575969696045
0.9279543161392212
0.9704174995422363
0.914018452167511
0.8053428530693054
0.8883872628211975
0.9007658362388611
0.9103917479515076
0.8390581011772156
0.8719001412391663
0.8409963846206665
0.9062825441360474
0.9483578205108643
0.8931739330291748
0.8890172243118286
0.8829798698425293
0.8310176134109497
0.9077668786048889
0.8893411159515381
0.8922123908996582
0.9661674499511719
0.8573318719863892
0.8968718647956848
0.9173741340637207
0.8990011215209961
0.8787807822227478
0.8864771127700806
0.9023714065551758
0.8985822796821594
0.9136302471160889
0.8877179622650146
0.8687414526939392
0.9151939749717712
0.9213424324989319
0.870228111743927
0.8818950653076172
0.8353475332260132
0.8648695945739746
0.939383864402771
0.8969801068305969
0.9403027296066284
0.8932108879089355
0.9037628769874573
0.9308938980102539
0.8774939775466919
0.9038589000701904
0.9221039414405823
0.8899641633033752
0.8789558410644531
0.9314683675765991
0.8651602864265442
0.8317989110946655
0.8176200985908508
0.8887277245521545
0.9221197962760925
0.8501260876655579
0.8972727656364441
0.8962681889533997
0.8801525235176086
0.7968460917472839
0.8536708950996399
0.9579181671142578
0.9333481788635254
0.9069892168045044
0.8692994713783264
0.8662845492362976
0.8657838702201843
0.9072080254554749
0.873991847038269
0.8934141397476196
0.896855354309082
0.8178883790969849
0.8966193795204163
0.8798630833625793
0.8761343955993652
0.896652340888977
0.8146447539329529
0.858870267868042
0.8724299669265747
0.8933252096176147
0.850872278213501
0.8802838921546936
0.891090452671051
0.9063632488250732
0.8907425403594971
0.8888117671012878
0.8052453994750977
0.8106448650360107
0.8453856706619263
0.9193823933601379
0.8735710978507996
0.8477137684822083
0.868830680847168
0.9053849577903748
0.9388335347175598
0.8169239163398743
0.8909114599227905
0.8775449395179749
0.8751398921012878
0.8694775104522705
0.9100069999694824
0.9224228858947754
0.8882606029510498
0.8470751047134399
0.8778077960014343
0.9147369861602783
0.8658181428909302
0.8733747601509094
0.877545952796936
0.8974075317382812
0.8066012859344482
0.8709246516227722
0.9062272310256958
0.8774524331092834
0.9394926428794861
0.9076037406921387
0.861092746257782
0.9110328555107117
0.8961236476898193
0.9130914807319641
0.8729718327522278
0.9299391508102417
0.8866654634475708
0.8357521295547485
0.9193246364593506
0.8208480477333069
0.867697536945343
0.8667346239089966
0.8440694808959961
0.86885666847229
0.9589266777038574
0.8302185535430908
0.8569446802139282
0.8195171356201172
0.9106481671333313
0.8454588651657104
0.8677549958229065
0.861727774143219
0.9137347936630249
0.955805778503418
0.8633745312690735
0.8828506469726562
0.8743727207183838
0.840522825717926
0.8072575926780701
0.8889092206954956
0.8836051225662231
1.0410255193710327
0.8630180358886719
0.9219026565551758
0.9009792804718018
0.8878406286239624
0.8331946134567261
0.9014561176300049
0.8155884146690369
0.8557114005088806
0.8535650968551636
0.8546425700187683
0.8723641633987427
0.8672865033149719
0.8893641233444214
0.867734432220459
0.8050538301467896
0.8357820510864258
0.8925875425338745
0.9132349491119385
0.8411047458648682
0.8841164708137512
0.9148245453834534
0.8575829863548279
0.8384775519371033
0.8559388518333435
0.8770231604576111
0.8238478899002075
0.8544459342956543
0.9040600657463074
0.853058934211731
0.8375921845436096
0.8744224309921265
0.868207573890686
0.9369785189628601
0.8678479194641113
0.8577801585197449
0.832994818687439
0.8711680173873901
0.8650423288345337
0.8285978436470032
0.8994141817092896
0.8714812397956848
0.8667749762535095
0.9149800539016724
0.8856278657913208
0.82534259557724
0.9033142328262329
0.8831707239151001
0.8739060163497925
0.8347393274307251
0.857695460319519
0.9092738628387451
0.8779057264328003
0.8784533143043518
0.9142205715179443
0.842118501663208
0.9165650606155396
0.8473569750785828
0.906089723110199
0.8587514758110046
0.7747608423233032
0.8938138484954834
0.8649125695228577
0.858815610408783
0.8070722818374634
0.8334972262382507
0.909223198890686
0.8724179863929749
0.9073410630226135
0.8236716389656067
0.8018611669540405
0.8244745135307312
0.8604809641838074
0.887531578540802
0.884378969669342
0.8009527325630188
0.8306114077568054
0.8727628588676453
0.8494388461112976
0.8797715902328491
0.8697254657745361
0.8074072599411011
0.8202303051948547
0.8469297289848328
0.8984225392341614
0.8709261417388916
0.8819251656532288
0.8102002739906311
0.8702672123908997
0.8875767588615417
0.8703658580780029
0.8532822728157043
0.8602226376533508
0.8602778315544128
0.7706676721572876
0.8600286245346069
0.8441404104232788
0.8785388469696045
0.8734555244445801
0.7880079746246338
0.8935155868530273
0.8496667146682739
0.8362972736358643
0.8262191414833069
0.8889298439025879
0.8168001770973206
0.8780195116996765
0.8461682796478271
0.8147808313369751
0.8367885947227478
0.8881399631500244
0.9193522334098816
0.8017005324363708
0.8412544131278992
0.8587763905525208
0.8646036982536316
0.8738769292831421
0.847754180431366
0.9135865569114685
0.8139790892601013
0.9012174010276794
0.8982751965522766
0.8368105292320251
0.8006227016448975
0.8067384958267212
0.8006162047386169
0.8154659867286682
0.8918637633323669
0.9895029664039612
0.8742884993553162
0.9116335511207581
0.8608459830284119
0.8221951723098755
0.8149768114089966
0.8368730545043945
0.8375979065895081
0.8368833065032959
0.8488835692405701
0.8398041725158691
0.8365804553031921
0.8575139045715332
0.8411334753036499
0.8382815718650818
0.8648906946182251
0.8302575945854187
0.8418776988983154
0.8618001937866211
0.8378388285636902
0.847730278968811
0.8102518916130066
0.8424288034439087
0.8550822734832764
0.7655999064445496
0.8439950942993164
0.8531306982040405
0.7592377662658691
0.8498142957687378
0.9197591543197632
0.8789102435112
0.8715286254882812
0.9123093485832214
0.8410723805427551
0.8543173670768738
0.8980736136436462
0.8831124305725098
0.8760677576065063
0.837103545665741
0.8689083456993103
0.8010787963867188
0.8766087889671326
0.8209200501441956
0.7946091890335083
0.9126534461975098
0.834136426448822
0.8690406680107117
0.8739761710166931
0.8436324596405029
0.862082839012146
0.785743772983551
0.8266833424568176
0.8213089108467102
0.871142566204071
0.8427771925926208
0.8463215827941895
0.8289382457733154
0.7746532559394836
0.7880516648292542
0.8692476153373718
0.8919265270233154
0.7742726802825928
0.8122442364692688
0.8920212984085083
0.7871397137641907
0.7914896011352539
0.877866804599762
0.7910754680633545
0.8404192924499512
0.8818829655647278
0.8519278168678284
0.8646976947784424
0.8708422780036926
0.8687433004379272
0.8765929341316223
0.8541368246078491
0.8451992869377136
0.8503289222717285
0.7965859174728394
0.8081024289131165
0.8142920136451721
0.8229910731315613
0.7713574767112732
0.8780902624130249
0.7752277851104736
0.7868024706840515
0.8831617832183838
0.8349331021308899
0.8151504993438721
0.7584953308105469
0.8073770403862
0.8519418835639954
0.7829420566558838
0.7908694744110107
0.8448048830032349
0.872269868850708
0.7481793165206909
0.8264136910438538
0.8614603281021118
0.8459575772285461
0.8321679830551147
0.8448077440261841
0.8782039284706116
0.8680724501609802
0.7795851826667786
0.8147041201591492
0.8063833713531494
0.7836049795150757
0.7698643207550049
0.7833381295204163
0.7380446195602417
0.8036384582519531
0.8357877135276794
0.8456637263298035
0.7808601260185242
0.788273274898529
0.8108072280883789
0.8337357044219971
0.7993461489677429
0.8129571676254272
0.8172340393066406
0.8576917052268982
0.8200157880783081
0.8554064035415649
0.8262405395507812
0.7673097252845764
0.8407003283500671
0.8234413862228394
0.9402836561203003
0.8065878748893738
0.7967870831489563
0.8077794313430786
0.8189409971237183
0.8530111908912659
0.7752120494842529
0.8936444520950317
0.8059218525886536
0.7708841562271118
0.7495936155319214
0.8365540504455566
0.7779151797294617
0.8522487878799438
0.8172813653945923
0.8560394048690796
0.8355889916419983
0.8175020217895508
0.860663890838623
0.7709786295890808
0.8280474543571472
0.8477542996406555
0.7633855938911438
0.8085517287254333
0.8390312194824219
0.7824453115463257
0.8258730173110962
0.7863135933876038
0.8057029247283936
0.771882951259613
0.8444399237632751
0.8540945649147034
0.8364045023918152
0.8376777768135071
0.8222674131393433
0.7979001402854919
0.8797987103462219
0.8247964382171631
0.8011630773544312
0.7890942096710205
0.9013673663139343
0.814763605594635
0.82131427526474
0.7963667511940002
0.7920247316360474
0.8211172223091125
0.8162730932235718
0.7775076627731323
0.8628535866737366
0.7946405410766602
0.8202042579650879
0.8162298798561096
0.7887327671051025
0.7777307033538818
0.7859473824501038
0.7737507224082947
0.8139858245849609
0.7715216279029846
0.8720425963401794
0.8036848306655884
0.7893391847610474
0.7831641435623169
0.822906494140625
0.8764930963516235
0.8018985390663147
0.8609229326248169
0.7872437238693237
0.8720611333847046
0.8431522846221924
0.7789697051048279
0.7782802581787109
0.7911545634269714
0.749879002571106
0.7787391543388367
0.8547878861427307
0.766745924949646
0.8120683431625366
0.769907534122467
0.8403481245040894
0.8406835794448853
0.8124541640281677
0.8244810700416565
0.8063700199127197
0.7820212244987488
0.7334449887275696
0.8112121820449829
0.8047646284103394
0.8622583746910095
0.762796938419342
0.7796383500099182
0.8389860391616821
0.823112964630127
0.8509825468063354
0.8477464318275452
0.8676068186759949
0.8272532224655151
0.7275354266166687
0.810827910900116
0.8016509413719177
0.8199791312217712
0.8474299907684326
0.7934737801551819
0.7876288890838623
0.7716227769851685
0.8070475459098816
0.8963186144828796
0.7909636497497559
0.777224600315094
0.7867991924285889
0.7880764603614807
0.8413486480712891
0.8258839845657349
0.8168781995773315
0.8016729950904846
0.8090263605117798
0.832923412322998
0.8617309927940369
0.8199325799942017
0.7608785629272461
0.7990591526031494
0.8254241943359375
0.7812395691871643
0.7470964193344116
0.7888503670692444
0.8157597184181213
0.8691926598548889
0.7558028697967529
0.7866345047950745
0.7757435441017151
0.7763370871543884
0.8083118200302124
0.7739831805229187
0.8057134747505188
0.8101629614830017
0.8404729962348938
0.7813117504119873
0.7773022651672363
0.7765755653381348
0.792554497718811
0.7261630296707153
0.7600216865539551
0.8167601227760315
0.7837167978286743
0.8153952360153198
0.7865626215934753
0.7997041940689087
0.8029918074607849
0.8250153660774231
0.7867115139961243
0.7780821323394775
0.8388139009475708
0.8212324380874634
0.8461846113204956
0.7780811786651611
0.7829874753952026
0.8344004154205322
0.7789539098739624
0.808135449886322
0.7392977476119995
0.7968028783798218
0.8881672024726868
0.8673480153083801
0.8250953555107117
0.7713130116462708
0.7964706420898438
0.8010366559028625
0.8042480945587158
0.783159077167511
0.7775847315788269
0.7881978750228882
0.7221064567565918
0.733975887298584
0.7018246650695801
0.8897719383239746
0.817898690700531
0.8194817304611206
0.7900410890579224
0.8246156573295593
0.8054004311561584
0.8441681861877441
0.7793015241622925
0.7888389229774475
0.7520068287849426
0.803995668888092
0.8171849846839905
0.7275180816650391
0.7768836617469788
0.8484387397766113
0.7502806782722473
0.784666121006012
0.8009509444236755
0.7988811135292053
0.6906882524490356
