0 4.122641086578369
1 3.8339221477508545
2 3.8730790615081787
3 4.008743762969971
4 3.8948919773101807
5 4.118045806884766
6 3.9133124351501465
7 3.8627519607543945
8 4.147467136383057
9 3.6452717781066895
10 3.7881650924682617
11 3.721165657043457
12 3.7010679244995117
13 3.9939517974853516
14 3.8687496185302734
15 3.881392002105713
16 3.870013952255249
17 4.034130573272705
18 3.6326208114624023
19 3.7573697566986084
20 3.802117347717285
21 3.9241409301757812
22 3.9762628078460693
23 3.495096206665039
24 3.7605721950531006
25 3.602982997894287
26 3.7179698944091797
27 3.729231119155884
28 3.641068935394287
29 3.75882887840271
30 3.947136878967285
31 3.787532091140747
32 3.773954391479492
33 3.879326581954956
34 3.79531192779541
35 3.4372823238372803
36 3.7920877933502197
37 3.8082144260406494
38 3.419135570526123
39 3.614481210708618
40 3.286041498184204
41 3.2850475311279297
42 3.5838029384613037
43 3.931319236755371
44 3.7718636989593506
45 3.5643441677093506
46 3.6485345363616943
47 3.399203062057495
48 3.8318612575531006
49 3.64337158203125
50 3.4363834857940674
51 3.563645124435425
52 3.5226030349731445
53 3.515014410018921
54 3.6615169048309326
55 3.3680009841918945
56 3.6022682189941406
57 3.1917307376861572
58 3.356066942214966
59 3.1522951126098633
60 3.451775312423706
61 3.4906229972839355
62 3.3911490440368652
63 3.6937732696533203
64 3.369729518890381
65 3.283170700073242
66 3.445574998855591
67 3.4151649475097656
68 3.1244001388549805
69 3.6191892623901367
70 3.6508781909942627
71 3.526311159133911
72 3.2731523513793945
73 3.280014991760254
74 3.486719846725464
75 3.543264389038086
76 3.233428478240967
77 3.301283836364746
78 3.498872995376587
79 3.060415744781494
80 3.2767014503479004
81 3.0770514011383057
82 3.6342475414276123
83 3.159493923187256
84 3.302807092666626
85 3.23360276222229
86 3.2831380367279053
87 3.239551305770874
88 3.336479663848877
89 3.2645342350006104
90 3.115018844604492
91 3.0073697566986084
92 3.171578884124756
93 3.029146671295166
94 3.184187650680542
95 3.205578088760376
96 3.2328977584838867
97 3.2245469093322754
98 3.0719382762908936
99 3.0420525074005127
100 2.9957308769226074
101 2.9497456550598145
102 3.09765625
103 3.355764865875244
104 3.0496649742126465
105 3.000364065170288
106 2.897080421447754
107 3.0353755950927734
108 3.256166458129883
109 2.79947566986084
110 2.8519413471221924
111 3.0416955947875977
112 2.8545148372650146
113 3.10560941696167
114 2.9739718437194824
115 2.8343770503997803
116 2.8629822731018066
117 3.068512201309204
118 2.7869064807891846
119 2.9539601802825928
120 2.997443437576294
121 2.872770309448242
122 3.039283275604248
123 2.9747421741485596
124 2.589974880218506
125 2.783494472503662
126 2.749783754348755
127 2.627589464187622
128 2.78127121925354
129 2.785616397857666
130 2.492253541946411
131 2.7024028301239014
132 2.4530622959136963
133 2.457298517227173
134 2.361084461212158
135 2.432955026626587
136 2.5602028369903564
137 2.58669114112854
138 2.4580419063568115
139 2.333981990814209
140 2.4361002445220947
141 2.405352830886841
142 2.6235437393188477
143 2.436354160308838
144 2.3184452056884766
145 2.507164239883423
146 2.3652515411376953
147 2.3209354877471924
148 2.422231674194336
149 2.17140793800354
150 2.105527400970459
151 1.9711709022521973
152 1.956878662109375
153 2.089939832687378
154 1.9974262714385986
155 2.146984338760376
156 1.871975064277649
157 2.171154737472534
158 1.812445878982544
159 2.326258897781372
160 2.642637014389038
161 2.142794370651245
162 2.3538777828216553
163 2.68174147605896
164 2.271462917327881
165 2.2992756366729736
166 2.166452169418335
167 1.6407139301300049
168 2.0424346923828125
169 2.3637168407440186
170 2.1629433631896973
171 1.9828176498413086
172 2.2527544498443604
173 2.353449583053589
174 2.26609206199646
175 1.9689651727676392
176 2.3491971492767334
177 1.8307740688323975
178 2.24353289604187
179 2.067915201187134
180 2.2327287197113037
181 1.8392484188079834
182 2.6023669242858887
183 2.047117233276367
184 2.0798275470733643
185 2.3014321327209473
186 2.286491632461548
187 2.6003470420837402
188 1.849682331085205
189 2.0381367206573486
190 1.9850865602493286
191 2.1538236141204834
192 2.164909839630127
193 1.9132728576660156
194 1.8282545804977417
195 2.4246978759765625
196 1.6182012557983398
197 2.020009756088257
198 1.816190242767334
199 1.8234443664550781
200 1.9171961545944214
201 2.0808160305023193
202 2.2063069343566895
203 1.948442816734314
204 1.8946739435195923
205 1.9217350482940674
206 1.8582435846328735
207 2.5154924392700195
208 1.865800142288208
209 2.090435266494751
210 2.333601713180542
211 1.9466882944107056
212 2.035504102706909
213 1.8383431434631348
214 1.664765477180481
215 2.308135986328125
216 2.1200778484344482
217 2.4425880908966064
218 2.064462184906006
219 1.9579764604568481
220 2.3524980545043945
221 2.286029577255249
222 2.0865626335144043
223 2.233792304992676
224 1.9012386798858643
225 2.0199363231658936
226 2.1527886390686035
227 1.8091716766357422
228 2.319209098815918
229 1.9741852283477783
230 2.0213522911071777
231 1.7274994850158691
232 1.8314588069915771
233 2.3174972534179688
234 1.8637079000473022
235 2.410391330718994
236 2.1573421955108643
237 2.187943458557129
238 2.1074788570404053
239 2.250916004180908
240 1.6112220287322998
241 2.0232865810394287
242 2.006246328353882
243 1.9481372833251953
244 2.0690672397613525
245 2.4323055744171143
246 2.317399740219116
247 1.9089090824127197
248 2.5561089515686035
249 1.6379501819610596
250 1.9203053712844849
251 1.9990967512130737
252 1.948944330215454
253 1.8700543642044067
254 2.1981353759765625
255 1.8938459157943726
256 1.8153294324874878
257 1.8965660333633423
258 2.7474021911621094
259 2.1635985374450684
260 1.7573761940002441
261 2.483926296234131
262 1.7681618928909302
263 2.120227575302124
264 1.7028921842575073
265 2.1500048637390137
266 2.094142198562622
267 1.9501700401306152
268 1.7394822835922241
269 1.6494965553283691
270 1.6689659357070923
271 1.8107330799102783
272 1.7216917276382446
273 1.78921639919281
274 1.8345746994018555
275 1.6419512033462524
276 2.4848592281341553
277 2.2616395950317383
278 1.9375126361846924
279 1.5759636163711548
280 1.9594500064849854
281 2.0234506130218506
282 1.9630687236785889
283 1.845950961112976
284 1.9216113090515137
285 1.750424861907959
286 1.6991512775421143
287 2.1413800716400146
288 2.463650703430176
289 1.7910910844802856
290 2.0770986080169678
291 1.7427641153335571
292 1.8360509872436523
293 1.9578145742416382
294 2.4821181297302246
295 2.1125147342681885
296 1.8329523801803589
297 1.663596749305725
298 1.824825406074524
299 1.9157084226608276
300 1.9882601499557495
301 1.6841264963150024
302 1.9176007509231567
303 2.5360124111175537
304 1.5375701189041138
305 3.0729873180389404
306 1.7115302085876465
307 2.7395620346069336
308 1.9879190921783447
309 2.1032793521881104
310 1.8346335887908936
311 1.9358917474746704
312 1.7720385789871216
313 1.8275165557861328
314 1.9840993881225586
315 1.7300388813018799
316 1.797180414199829
317 2.3117215633392334
318 1.7994576692581177
319 2.1015896797180176
320 2.366824150085449
321 2.481049060821533
322 1.9685890674591064
323 1.8763487339019775
324 1.7336491346359253
325 2.003113031387329
326 2.1837480068206787
327 1.744367241859436
328 1.655049204826355
329 2.1359198093414307
330 2.355982780456543
331 2.17535662651062
332 1.977856159210205
333 2.176815986633301
334 2.0052130222320557
335 1.9496668577194214
336 1.5680735111236572
337 2.2390084266662598
338 2.054635524749756
339 1.8217118978500366
340 2.142587423324585
341 2.0132856369018555
342 1.899656891822815
343 2.093172788619995
344 2.3666324615478516
345 2.5185489654541016
346 2.0875327587127686
347 1.9558930397033691
348 2.080000162124634
349 1.6922779083251953
350 1.8898942470550537
351 2.2122864723205566
352 1.8600729703903198
353 2.0121216773986816
354 1.8275089263916016
355 1.7595912218093872
356 1.713193416595459
357 2.194073438644409
358 2.1650099754333496
359 2.100214958190918
360 1.9929248094558716
361 1.822045922279358
362 1.9141870737075806
363 2.299375057220459
364 1.8775272369384766
365 2.0166096687316895
366 2.214486598968506
367 1.9753167629241943
368 1.6567893028259277
369 1.9578557014465332
370 2.4816155433654785
371 1.5981838703155518
372 1.9027791023254395
373 2.3249006271362305
374 1.6191182136535645
375 2.0727078914642334
376 1.691595196723938
377 2.3582139015197754
378 1.6397854089736938
379 1.8378278017044067
380 1.803113341331482
381 1.7542544603347778
382 1.9464004039764404
383 1.7005888223648071
384 1.650337815284729
385 1.8802056312561035
386 1.5634963512420654
387 1.8988951444625854
388 2.1378562450408936
389 1.5686941146850586
390 1.8352653980255127
391 2.0404927730560303
392 1.8567687273025513
393 1.9199533462524414
394 1.8985244035720825
395 1.6185849905014038
396 2.2048962116241455
397 1.877609372138977
398 2.0637762546539307
399 1.8873586654663086
400 2.8481626510620117
401 1.7449737787246704
402 2.046778440475464
403 1.7193506956100464
404 2.3525333404541016
405 1.9443867206573486
406 1.6841961145401
407 1.8901821374893188
408 1.9420804977416992
409 1.8431200981140137
410 1.6065407991409302
411 1.9311925172805786
412 3.037264347076416
413 2.045219898223877
414 1.8806289434432983
415 1.9898576736450195
416 1.6759682893753052
417 1.8322833776474
418 1.7932889461517334
419 2.143361806869507
420 1.9948731660842896
421 1.662318229675293
422 1.9088505506515503
423 2.5062551498413086
424 1.7411069869995117
425 2.010974168777466
426 1.6565831899642944
427 1.7731093168258667
428 2.0951037406921387
429 1.8450108766555786
430 1.794089436531067
431 1.9952787160873413
432 1.8857965469360352
433 2.149639844894409
434 1.816796064376831
435 1.7162493467330933
436 1.640680193901062
437 2.128995418548584
438 1.6714982986450195
439 1.7922308444976807
440 2.1167678833007812
441 2.1306850910186768
442 2.1043472290039062
443 2.2036941051483154
444 2.125035285949707
445 1.953927993774414
446 1.6310330629348755
447 1.7561616897583008
448 1.7445521354675293
449 1.9738786220550537
450 1.9452253580093384
451 2.010462999343872
452 2.1998682022094727
453 1.8679264783859253
454 1.9341145753860474
455 1.9406603574752808
456 2.1005773544311523
457 1.9253220558166504
458 1.6085072755813599
459 1.6243624687194824
460 2.0399556159973145
461 1.8800928592681885
462 1.7689791917800903
463 1.8836816549301147
464 1.628582239151001
465 2.192167282104492
466 1.7272274494171143
467 1.4285740852355957
468 1.838027000427246
469 2.3698909282684326
470 1.6403985023498535
471 1.8762521743774414
472 1.8929879665374756
473 1.8578619956970215
474 1.8614733219146729
475 1.5657362937927246
476 2.2403993606567383
477 2.1000869274139404
478 1.9514175653457642
479 1.7060565948486328
480 2.1835896968841553
481 1.823533296585083
482 1.8116822242736816
483 1.9133752584457397
484 1.873342514038086
485 1.8053120374679565
486 1.7150193452835083
487 1.6642777919769287
488 1.9188205003738403
489 1.9746698141098022
490 1.8240457773208618
491 1.7489393949508667
492 2.1822688579559326
493 2.0652480125427246
494 1.8411492109298706
495 2.077073097229004
496 2.058220148086548
497 1.8847529888153076
498 1.8720332384109497
499 1.8690632581710815
500 1.689997911453247
501 1.908217191696167
502 2.199782371520996
503 1.7853131294250488
504 2.1071224212646484
505 1.901692271232605
506 1.729096531867981
507 1.8397613763809204
508 1.721015453338623
509 1.940628170967102
510 1.9851431846618652
511 2.0009095668792725
512 1.608302354812622
513 1.5827187299728394
514 1.7353438138961792
515 1.8437727689743042
516 2.0785934925079346
517 1.6330468654632568
518 1.7132666110992432
519 1.5802111625671387
520 1.8960379362106323
521 1.6118760108947754
522 2.589020252227783
523 2.0728611946105957
524 2.182269334793091
525 1.50384521484375
526 1.8750537633895874
527 2.12143874168396
528 2.2160885334014893
529 1.8069243431091309
530 1.9906673431396484
531 2.339759588241577
532 1.6863893270492554
533 1.9268527030944824
534 2.193305015563965
535 1.6854074001312256
536 1.7157317399978638
537 1.6889116764068604
538 1.7537775039672852
539 1.9380742311477661
540 1.8581243753433228
541 1.8389228582382202
542 1.7954380512237549
543 1.8079880475997925
544 2.080888271331787
545 1.930024266242981
546 1.6767960786819458
547 1.6591287851333618
548 1.6216342449188232
549 1.914850115776062
550 1.9787272214889526
551 2.000720977783203
552 1.7928555011749268
553 2.3447439670562744
554 2.6024255752563477
555 1.5755969285964966
556 2.469688892364502
557 1.7961399555206299
558 2.0493998527526855
559 1.6833113431930542
560 1.9341989755630493
561 1.531256079673767
562 1.6532338857650757
563 1.8716942071914673
564 1.8507156372070312
565 1.8207656145095825
566 1.7230901718139648
567 2.102287769317627
568 1.4388245344161987
569 2.264235496520996
570 1.7139227390289307
571 1.8240506649017334
572 1.882843255996704
573 2.3415677547454834
574 1.921819806098938
575 1.8161498308181763
576 2.3056187629699707
577 1.6622511148452759
578 2.121145486831665
579 1.7436058521270752
580 2.3251113891601562
581 1.9519556760787964
582 1.9504976272583008
583 1.646133542060852
584 1.79700767993927
585 1.7267391681671143
586 1.8952792882919312
587 1.7642545700073242
588 1.9740656614303589
589 1.8196425437927246
590 1.9636608362197876
591 2.483203887939453
592 2.151162624359131
593 1.859559178352356
594 2.05558443069458
595 1.7028138637542725
596 1.979036569595337
597 2.0618503093719482
598 1.6200042963027954
599 2.2833375930786133
600 2.2285802364349365
601 1.550086259841919
602 2.0313069820404053
603 1.9064760208129883
604 1.791981816291809
605 1.9143069982528687
606 1.929386854171753
607 1.8545103073120117
608 1.4482827186584473
609 1.8475974798202515
610 2.6864304542541504
611 1.7256630659103394
612 1.855212926864624
613 1.710462212562561
614 1.8306350708007812
615 1.665412425994873
616 1.739761471748352
617 1.8825454711914062
618 1.7378278970718384
619 2.2788894176483154
620 2.5414819717407227
621 2.2530672550201416
622 1.5049824714660645
623 1.6221424341201782
624 1.7180488109588623
625 2.1597278118133545
626 2.5445973873138428
627 1.631343960762024
628 1.6482528448104858
629 1.8988659381866455
630 1.7104507684707642
631 1.927351474761963
632 1.668710708618164
633 2.002488374710083
634 2.0577516555786133
635 2.153261661529541
636 1.9481309652328491
637 1.7472935914993286
638 1.765651822090149
639 1.8988268375396729
640 1.9273467063903809
641 1.9426686763763428
642 1.698767066001892
643 1.7146145105361938
644 1.9546425342559814
645 2.213040828704834
646 1.7017313241958618
647 1.9441298246383667
648 1.718213438987732
649 1.5566682815551758
650 1.6021645069122314
651 2.1524040699005127
652 1.5652002096176147
653 1.965381145477295
654 2.394162893295288
655 1.6647220849990845
656 2.740058422088623
657 1.5813947916030884
658 2.5494308471679688
659 1.6985480785369873
660 1.7568609714508057
661 1.8042421340942383
662 1.932360053062439
663 1.748230218887329
664 1.840562105178833
665 2.228757858276367
666 2.2089879512786865
667 1.9767024517059326
668 2.0455236434936523
669 2.106398582458496
670 2.090902090072632
671 1.998121738433838
672 1.9750912189483643
673 1.8528785705566406
674 2.0785791873931885
675 1.7317553758621216
676 1.8807916641235352
677 2.218963861465454
678 1.9158059358596802
679 2.146165132522583
680 2.0370795726776123
681 1.9754912853240967
682 2.0703108310699463
683 1.6942952871322632
684 1.831805944442749
685 2.007772922515869
686 1.7769420146942139
687 1.8391497135162354
688 1.6581346988677979
689 1.8753353357315063
690 2.1483495235443115
691 2.001206398010254
692 1.6887470483779907
693 1.6637388467788696
694 1.9386858940124512
695 1.8851767778396606
696 1.7756662368774414
697 2.4436745643615723
698 1.7793570756912231
699 1.6103614568710327
700 2.0209014415740967
701 1.632697582244873
702 1.8364770412445068
703 1.6589465141296387
704 1.700708270072937
705 1.508176565170288
706 1.837156057357788
707 1.65208101272583
708 1.401012659072876
709 2.18588924407959
710 2.0430305004119873
711 1.6520863771438599
712 1.9343798160552979
713 2.388561487197876
714 2.2964353561401367
715 1.8026474714279175
716 2.272183418273926
717 1.9318572282791138
718 1.7195031642913818
719 1.8751047849655151
720 1.9480079412460327
721 1.824623942375183
722 2.2651143074035645
723 1.7584176063537598
724 1.8574696779251099
725 1.9853981733322144
726 1.9813740253448486
727 1.704699158668518
728 1.7538617849349976
729 2.173819065093994
730 2.147087574005127
731 1.961381196975708
732 1.8220175504684448
733 2.138380289077759
734 1.652188777923584
735 1.9863009452819824
736 2.155722141265869
737 1.7600959539413452
738 1.875972867012024
739 1.8879191875457764
740 1.9797847270965576
741 2.0400054454803467
742 1.5967692136764526
743 1.9046050310134888
744 2.1833722591400146
745 1.934935212135315
746 1.7179445028305054
747 2.1297996044158936
748 1.7866592407226562
749 1.7315388917922974
750 1.7214385271072388
751 1.7829194068908691
752 1.7472120523452759
753 2.201852321624756
754 1.733932375907898
755 1.6669316291809082
756 1.614429235458374
757 1.968843936920166
758 1.9875589609146118
759 2.4125685691833496
760 1.7154031991958618
761 1.504274845123291
762 1.8009650707244873
763 1.8831180334091187
764 1.9269617795944214
765 1.6645824909210205
766 1.8070411682128906
767 1.6779574155807495
768 2.048140048980713
769 1.8416926860809326
770 1.9246469736099243
771 1.9750559329986572
772 1.994704246520996
773 2.082218647003174
774 1.8530720472335815
775 1.4255350828170776
776 1.9133750200271606
777 1.7810758352279663
778 1.83426034450531
779 1.773424506187439
780 1.8512308597564697
781 2.4327688217163086
782 2.1680057048797607
783 1.6096640825271606
784 1.9797818660736084
785 1.7389912605285645
786 1.7803877592086792
787 1.681884527206421
788 1.935672402381897
789 1.761555790901184
790 1.6962976455688477
791 1.6284914016723633
792 1.8226126432418823
793 2.432610273361206
794 1.864565134048462
795 2.0915019512176514
796 1.7968581914901733
797 1.8731944561004639
798 2.064420461654663
799 2.001699209213257
800 1.6352062225341797
801 1.8643747568130493
802 2.044816017150879
803 1.8984726667404175
804 1.8255021572113037
805 1.8920601606369019
806 1.795044183731079
807 1.9146795272827148
808 2.5313167572021484
809 1.8061691522598267
810 1.9431990385055542
811 1.5165517330169678
812 1.746956706047058
813 1.739284634590149
814 2.0630369186401367
815 1.8663626909255981
816 1.8651139736175537
817 1.717737078666687
818 1.7987093925476074
819 1.7206416130065918
820 1.6072853803634644
821 2.111994981765747
822 2.497934341430664
823 1.6168582439422607
824 1.8180606365203857
825 1.783994436264038
826 1.8986319303512573
827 1.6387712955474854
828 1.7066490650177002
829 2.3270485401153564
830 2.10258150100708
831 2.255096197128296
832 2.6231329441070557
833 1.569891095161438
834 2.484243154525757
835 1.8204926252365112
836 2.0573229789733887
837 1.996989369392395
838 1.5638223886489868
839 1.7242577075958252
840 2.033781051635742
841 1.79104483127594
842 1.7349724769592285
843 2.255190372467041
844 2.312138080596924
845 1.9729547500610352
846 2.0333924293518066
847 1.954378366470337
848 1.8873696327209473
849 1.8300124406814575
850 1.767604947090149
851 1.7821141481399536
852 1.99239182472229
853 1.825981616973877
854 1.9439103603363037
855 2.3343217372894287
856 2.2676708698272705
857 1.6069105863571167
858 1.8681964874267578
859 1.7482268810272217
860 2.328897714614868
861 1.801264762878418
862 1.9420404434204102
863 1.9168026447296143
864 1.8677335977554321
865 1.7244229316711426
866 2.060559034347534
867 1.805163860321045
868 1.6321192979812622
869 2.309028148651123
870 1.9615051746368408
871 1.7691841125488281
872 2.1522536277770996
873 1.632326364517212
874 1.8275550603866577
875 1.919780969619751
876 1.5634113550186157
877 1.9602962732315063
878 1.7654941082000732
879 1.9837515354156494
880 1.9946539402008057
881 1.993485927581787
882 1.9322044849395752
883 1.7782505750656128
884 1.8183281421661377
885 1.553700566291809
886 1.7906811237335205
887 1.9622830152511597
888 1.8096039295196533
889 1.6220935583114624
890 1.6362266540527344
891 1.8781466484069824
892 1.7321807146072388
893 1.8075381517410278
894 1.6779530048370361
895 2.2823338508605957
896 2.360450506210327
897 1.893647313117981
898 2.3033289909362793
899 1.7184817790985107
900 1.755270004272461
901 1.7445671558380127
902 1.6187819242477417
903 2.184208869934082
904 1.8530805110931396
905 1.857458233833313
906 1.7949225902557373
907 1.714473843574524
908 1.8370028734207153
909 1.75154447555542
910 2.055821418762207
911 2.163170337677002
912 1.719726324081421
913 1.8808952569961548
914 1.9480708837509155
915 1.5401725769042969
916 1.5498753786087036
917 1.7514641284942627
918 1.8864474296569824
919 2.069124698638916
920 1.9636021852493286
921 2.1431851387023926
922 1.791498064994812
923 1.89291250705719
924 1.5853430032730103
925 1.6345309019088745
926 1.6348283290863037
927 2.3491907119750977
928 2.1042778491973877
929 2.3326478004455566
930 1.7487143278121948
931 1.9622153043746948
932 1.6442152261734009
933 2.022573232650757
934 1.7926325798034668
935 2.0858612060546875
936 2.1198768615722656
937 1.7986198663711548
938 1.8514595031738281
939 1.7419251203536987
940 1.7099659442901611
941 1.9399874210357666
942 1.8598594665527344
943 1.6252374649047852
944 2.631911277770996
945 2.028036594390869
946 1.6880381107330322
947 2.0034661293029785
948 1.884291172027588
949 2.1664202213287354
950 1.7100858688354492
951 1.5441006422042847
952 1.7132402658462524
953 2.1154544353485107
954 1.8936636447906494
955 1.8770064115524292
956 1.7828762531280518
957 1.8540401458740234
958 1.7221027612686157
959 1.6972380876541138
960 1.894836187362671
961 1.6468603610992432
962 1.9699143171310425
963 1.6791539192199707
964 1.837090253829956
965 2.2179019451141357
966 1.5950605869293213
967 2.752450704574585
968 1.991019606590271
969 1.7783935070037842
970 2.0215024948120117
971 2.0614593029022217
972 1.9082863330841064
973 1.9847866296768188
974 1.7738758325576782
975 1.8060556650161743
976 1.7743184566497803
977 1.9865286350250244
978 2.3861327171325684
979 2.0015578269958496
980 2.3150830268859863
981 2.2437169551849365
982 1.9305707216262817
983 1.9966366291046143
984 1.669195294380188
985 2.12695050239563
986 1.7074519395828247
987 2.0883982181549072
988 1.8809194564819336
989 1.919194221496582
990 1.8707995414733887
991 2.270613193511963
992 1.8729736804962158
993 1.8850349187850952
994 1.9237223863601685
995 1.9364243745803833
996 2.0843846797943115
997 1.7791303396224976
998 1.9585219621658325
999 1.842289924621582
1000 1.6855286359786987
1001 1.6196619272232056
1002 1.6871836185455322
1003 1.9018597602844238
1004 1.9814059734344482
1005 1.6492726802825928
1006 2.067603826522827
1007 1.7820688486099243
1008 1.5863468647003174
1009 1.6424100399017334
1010 1.7637416124343872
1011 2.0752832889556885
1012 1.5136804580688477
1013 1.711763858795166
1014 1.803467869758606
1015 1.7345699071884155
1016 1.752982497215271
1017 2.3543992042541504
1018 1.9871881008148193
1019 2.6844849586486816
1020 2.2204720973968506
1021 1.7907038927078247
1022 1.6495765447616577
1023 1.8425995111465454
1024 1.5613512992858887
1025 1.9861963987350464
1026 1.9586364030838013
1027 1.8413394689559937
1028 1.829546332359314
1029 1.9568450450897217
1030 1.771142840385437
1031 1.7956703901290894
1032 1.7553924322128296
1033 1.9461798667907715
1034 2.2933428287506104
1035 1.866471767425537
1036 1.982850432395935
1037 1.6664959192276
1038 1.9758906364440918
1039 1.643568992614746
1040 1.7760099172592163
1041 1.8303864002227783
1042 2.250091075897217
1043 1.9946362972259521
1044 2.3411476612091064
1045 1.6046611070632935
1046 2.1726255416870117
1047 1.8185267448425293
1048 1.7914892435073853
1049 1.5848796367645264
1050 1.9425779581069946
1051 1.9603056907653809
1052 1.7218881845474243
1053 1.8806571960449219
1054 1.7853219509124756
1055 1.8067578077316284
1056 1.8765604496002197
1057 1.710769534111023
1058 1.7456281185150146
1059 1.7065507173538208
1060 1.7416272163391113
1061 1.6188172101974487
1062 1.7616167068481445
1063 1.8541929721832275
1064 2.2433340549468994
1065 1.8699951171875
1066 1.6247018575668335
1067 1.6576664447784424
1068 1.858933925628662
1069 1.638308048248291
1070 1.8393200635910034
1071 1.3494277000427246
1072 2.3123505115509033
1073 1.8371195793151855
1074 2.22817063331604
1075 1.709516167640686
1076 1.7928255796432495
1077 1.3315513134002686
1078 1.7192224264144897
1079 1.6187177896499634
1080 1.7675364017486572
1081 2.4605047702789307
1082 1.6474682092666626
1083 1.88735830783844
1084 2.0343191623687744
1085 2.25123929977417
1086 1.5081051588058472
1087 1.6673862934112549
1088 2.2160580158233643
1089 2.117997884750366
1090 1.9051541090011597
1091 1.571219563484192
1092 2.022782802581787
1093 1.7545061111450195
1094 1.831544041633606
1095 1.746710181236267
1096 1.7967721223831177
1097 1.911759614944458
1098 2.0048599243164062
1099 1.7546736001968384
1100 1.7056463956832886
1101 1.9456080198287964
1102 1.7685184478759766
1103 2.1160836219787598
1104 2.259153366088867
1105 2.0437710285186768
1106 1.8881165981292725
1107 2.2104485034942627
1108 1.887624740600586
1109 1.7147014141082764
1110 1.7901149988174438
1111 1.9261233806610107
1112 2.0877931118011475
1113 2.2259087562561035
1114 2.145753860473633
1115 1.8034446239471436
1116 1.4963279962539673
1117 1.7529047727584839
1118 1.6923900842666626
1119 1.585006594657898
1120 1.6705703735351562
1121 2.003918409347534
1122 1.7655812501907349
1123 1.6649421453475952
1124 1.7784626483917236
1125 1.6857519149780273
1126 2.550948143005371
1127 2.3075461387634277
1128 1.7866889238357544
1129 2.006282329559326
1130 2.15358829498291
1131 1.870426893234253
1132 1.7605862617492676
1133 1.809717059135437
1134 2.3354642391204834
1135 1.7902518510818481
1136 1.7622411251068115
1137 1.800065517425537
1138 1.55291748046875
1139 2.113913059234619
1140 1.833490014076233
1141 1.9696476459503174
1142 2.0136559009552
1143 1.8241465091705322
1144 1.8256149291992188
1145 1.782943606376648
1146 1.6797338724136353
1147 2.018022298812866
1148 1.6246613264083862
1149 1.806342363357544
1150 1.8554569482803345
1151 1.8320633172988892
1152 1.763232946395874
1153 1.6215323209762573
1154 1.771874189376831
1155 2.106599807739258
1156 1.9265496730804443
1157 1.7601524591445923
1158 2.4687230587005615
1159 1.7635303735733032
1160 1.693221092224121
1161 2.227743625640869
1162 1.9146910905838013
1163 1.9794378280639648
1164 2.0469417572021484
1165 1.9130483865737915
1166 1.7666561603546143
1167 1.8219094276428223
1168 2.1087045669555664
1169 1.8715505599975586
1170 2.023557662963867
1171 1.9300090074539185
1172 1.8996193408966064
1173 1.887482762336731
1174 1.743984341621399
1175 1.9663660526275635
1176 2.010392189025879
1177 1.8232450485229492
1178 1.9095906019210815
1179 1.7218724489212036
1180 1.8842473030090332
1181 1.7121782302856445
1182 1.9883983135223389
1183 1.8602534532546997
1184 1.8321720361709595
1185 1.7627856731414795
1186 1.7832576036453247
1187 2.2084848880767822
1188 1.6179245710372925
1189 1.597310185432434
1190 2.0540034770965576
1191 2.219179153442383
1192 1.7381614446640015
1193 1.731872797012329
1194 1.7389788627624512
1195 1.6915770769119263
1196 1.6560629606246948
1197 1.8871958255767822
1198 1.8094468116760254
1199 2.2743887901306152
1200 2.419541120529175
1201 2.433845281600952
1202 1.7500247955322266
1203 1.8315863609313965
1204 1.8276084661483765
1205 2.0304276943206787
1206 1.8041332960128784
1207 1.7777483463287354
1208 2.1863110065460205
1209 1.9515873193740845
1210 2.160484790802002
1211 1.9250578880310059
1212 1.8257149457931519
1213 1.7481263875961304
1214 1.6655100584030151
1215 1.693734049797058
1216 1.6319023370742798
1217 1.9958446025848389
1218 1.700430989265442
1219 1.631968379020691
1220 2.1759591102600098
1221 1.6803770065307617
1222 2.1260929107666016
1223 1.87875235080719
1224 2.3635380268096924
1225 1.6877634525299072
1226 2.046480417251587
1227 1.6201484203338623
1228 1.9472417831420898
1229 1.8942995071411133
1230 2.2443418502807617
1231 1.806279182434082
1232 1.9764955043792725
1233 2.0971102714538574
1234 1.9364813566207886
1235 2.135329484939575
1236 1.678784728050232
1237 2.099522829055786
1238 1.702989101409912
1239 1.8784788846969604
1240 1.7315925359725952
1241 1.5953383445739746
1242 1.8371963500976562
1243 1.5897845029830933
1244 1.6737499237060547
1245 1.815800666809082
1246 1.7406541109085083
1247 2.4062652587890625
1248 1.910752773284912
1249 1.8162873983383179
1250 1.4703038930892944
1251 1.733596682548523
1252 1.692555546760559
1253 1.8046947717666626
1254 1.6509214639663696
1255 1.8230431079864502
1256 1.8551695346832275
1257 1.6268655061721802
1258 1.815142273902893
1259 1.7039705514907837
1260 1.8262126445770264
1261 1.5984938144683838
1262 2.075836658477783
1263 1.8530116081237793
1264 1.7086918354034424
1265 1.9806987047195435
1266 1.4967235326766968
1267 1.890896201133728
1268 2.2688822746276855
1269 1.5349574089050293
1270 1.9350448846817017
1271 1.885805606842041
1272 1.9064521789550781
1273 2.0481374263763428
1274 1.6984134912490845
1275 2.26444935798645
1276 1.792157530784607
1277 1.9544591903686523
1278 2.29779052734375
1279 2.0258913040161133
1280 1.5119057893753052
1281 2.0365660190582275
1282 1.7568953037261963
1283 2.295715808868408
1284 1.7531230449676514
1285 1.8276691436767578
1286 1.9780601263046265
1287 2.113557815551758
1288 2.112260341644287
1289 1.9061156511306763
1290 1.7834422588348389
1291 1.7675763368606567
1292 1.8688318729400635
1293 1.6600743532180786
1294 2.0612056255340576
1295 1.9266752004623413
1296 1.6154992580413818
1297 1.6705217361450195
1298 1.6797778606414795
1299 2.315769910812378
1300 1.6378302574157715
1301 1.6502360105514526
1302 2.354271650314331
1303 1.5828214883804321
1304 1.816342830657959
1305 1.8995842933654785
1306 2.0415754318237305
1307 1.6292996406555176
1308 2.2515218257904053
1309 2.4377036094665527
1310 2.3366761207580566
1311 2.021881580352783
1312 1.596272587776184
1313 1.7684661149978638
1314 1.8656141757965088
1315 1.9686442613601685
1316 2.1447513103485107
1317 1.7195749282836914
1318 2.2162888050079346
1319 1.6810232400894165
1320 1.9067778587341309
1321 1.821997046470642
1322 1.7741039991378784
1323 2.1543240547180176
1324 1.711632490158081
1325 1.9384459257125854
1326 1.8090003728866577
1327 1.7317851781845093
1328 1.716323971748352
1329 2.125872850418091
1330 2.25980806350708
1331 2.079805612564087
1332 1.596203088760376
1333 1.770859718322754
1334 1.8110511302947998
1335 1.4930347204208374
1336 1.7584141492843628
1337 1.867006778717041
1338 1.637385606765747
1339 1.7780771255493164
1340 2.2864272594451904
1341 1.9882892370224
1342 2.3731398582458496
1343 1.6230884790420532
1344 2.4278829097747803
1345 2.3572604656219482
1346 1.556652307510376
1347 2.0764594078063965
1348 2.828674077987671
1349 1.5708723068237305
1350 1.728798747062683
1351 1.8239474296569824
1352 1.9554054737091064
1353 1.8135792016983032
1354 2.1962242126464844
1355 1.917702078819275
1356 1.7502611875534058
1357 1.739833950996399
1358 1.7488600015640259
1359 2.1280245780944824
1360 2.337029218673706
1361 1.6818389892578125
1362 1.7814445495605469
1363 1.8962912559509277
1364 2.046062469482422
1365 1.6487776041030884
1366 1.7019753456115723
1367 2.0552124977111816
1368 1.8015834093093872
1369 1.6611586809158325
1370 1.799590826034546
1371 2.251702308654785
1372 2.2516143321990967
1373 1.7464498281478882
1374 1.594181776046753
1375 1.6901925802230835
1376 1.933403491973877
1377 1.7934436798095703
1378 1.7173844575881958
1379 1.6408737897872925
1380 1.5861008167266846
1381 1.8302620649337769
1382 1.7362463474273682
1383 1.9221131801605225
1384 1.5154590606689453
1385 1.7019609212875366
1386 1.9246466159820557
1387 1.7277544736862183
1388 1.5624120235443115
1389 1.6511421203613281
1390 1.837961196899414
1391 1.9032361507415771
1392 2.37973952293396
1393 1.8709368705749512
1394 1.7687526941299438
1395 1.8048698902130127
1396 1.882967472076416
1397 1.8440338373184204
1398 1.749936580657959
1399 1.4859905242919922
1400 1.8245587348937988
1401 1.7215136289596558
1402 1.6613560914993286
1403 2.354933500289917
1404 1.7631551027297974
1405 1.846000075340271
1406 1.500213623046875
1407 2.045646905899048
1408 1.3155394792556763
1409 2.0596237182617188
1410 1.9797605276107788
1411 1.7254412174224854
1412 1.8137589693069458
1413 1.6486825942993164
1414 2.0725009441375732
1415 1.5323987007141113
1416 2.032658100128174
1417 1.5674840211868286
1418 1.5790419578552246
1419 1.7739176750183105
1420 1.7996666431427002
1421 2.127028465270996
1422 1.7791075706481934
1423 1.7557026147842407
1424 2.090803861618042
1425 1.9460536241531372
1426 1.8780595064163208
1427 1.536279320716858
1428 1.9480409622192383
1429 1.662161111831665
1430 1.7650227546691895
1431 1.7070695161819458
1432 1.809403657913208
1433 1.9155299663543701
1434 2.2203805446624756
1435 1.7643742561340332
1436 2.2167327404022217
1437 1.8399388790130615
1438 1.6794291734695435
1439 1.5869673490524292
1440 2.1402478218078613
1441 1.7240197658538818
1442 1.7912014722824097
1443 2.0491604804992676
1444 2.356048583984375
1445 1.889979600906372
1446 1.7787785530090332
1447 1.771580696105957
1448 1.7283234596252441
1449 1.8081011772155762
1450 1.5941436290740967
1451 1.7677326202392578
1452 1.831246018409729
1453 1.7044801712036133
1454 2.069946050643921
1455 1.8576160669326782
1456 2.273813486099243
1457 1.9952706098556519
1458 2.0323195457458496
1459 1.7883206605911255
1460 1.7532395124435425
1461 1.9464244842529297
1462 2.0071654319763184
1463 1.7351614236831665
1464 1.832521677017212
1465 2.278641700744629
1466 1.6925294399261475
1467 2.1148319244384766
1468 1.4653325080871582
1469 1.8967891931533813
1470 1.6987589597702026
1471 2.047283172607422
1472 1.7724108695983887
1473 1.8170822858810425
1474 1.5725643634796143
1475 1.7583675384521484
1476 1.8462624549865723
1477 1.9186325073242188
1478 1.9404959678649902
1479 1.8596296310424805
1480 1.599288821220398
1481 2.4441699981689453
1482 1.9298851490020752
1483 2.2489840984344482
1484 1.7171686887741089
1485 1.7859859466552734
1486 2.106220006942749
1487 2.110011577606201
1488 1.897749900817871
1489 1.9102648496627808
1490 1.7984542846679688
1491 1.7065072059631348
1492 2.229801654815674
1493 1.643747091293335
1494 2.202892780303955
1495 1.7374731302261353
1496 1.7886618375778198
1497 2.25301194190979
1498 1.7008908987045288
1499 1.763735055923462
1500 1.7918339967727661
1501 1.6164276599884033
1502 1.914544701576233
1503 1.5353343486785889
1504 1.6029711961746216
1505 2.3200430870056152
1506 1.7209054231643677
1507 2.1396241188049316
1508 1.8376646041870117
1509 1.7153745889663696
1510 1.5988385677337646
1511 1.7271416187286377
1512 1.5504274368286133
1513 2.0887739658355713
1514 2.3389997482299805
1515 1.7567836046218872
1516 1.7858867645263672
1517 1.776065707206726
1518 1.9282640218734741
1519 1.593613624572754
1520 1.8787753582000732
1521 1.8817700147628784
1522 2.1728591918945312
1523 1.8197678327560425
1524 2.0705907344818115
1525 1.8967323303222656
1526 1.7362502813339233
1527 2.4359469413757324
1528 1.6791727542877197
1529 1.6379625797271729
1530 1.7156709432601929
1531 2.0325069427490234
1532 1.6527166366577148
1533 1.9192242622375488
1534 1.8733618259429932
1535 1.947034478187561
1536 2.1273016929626465
1537 1.757171869277954
1538 1.6273829936981201
1539 1.6043621301651
1540 2.2674221992492676
1541 1.943454623222351
1542 2.1057727336883545
1543 1.7790806293487549
1544 1.9796619415283203
1545 1.6381899118423462
1546 1.753298282623291
1547 1.878185510635376
1548 2.0350136756896973
1549 1.6540175676345825
1550 1.7121473550796509
1551 2.3570990562438965
1552 2.3375957012176514
1553 2.1138744354248047
1554 2.020334243774414
1555 1.880967617034912
1556 1.7442889213562012
1557 1.8751722574234009
1558 1.7162153720855713
1559 1.7011595964431763
1560 1.9098151922225952
1561 1.6433607339859009
1562 2.2006099224090576
1563 2.3406312465667725
1564 1.553822636604309
1565 1.9695754051208496
1566 1.6561613082885742
1567 1.860153317451477
1568 1.7082948684692383
1569 2.2039566040039062
1570 2.2776284217834473
1571 1.88792085647583
1572 2.117668390274048
1573 2.0482239723205566
1574 1.8920388221740723
1575 1.8195242881774902
1576 1.6863266229629517
1577 2.4024035930633545
1578 2.198772430419922
1579 1.6916447877883911
1580 1.7381190061569214
1581 1.6785449981689453
1582 1.699096441268921
1583 1.7576940059661865
1584 1.9120049476623535
1585 1.7529547214508057
1586 1.8961201906204224
1587 1.8492149114608765
1588 1.7178289890289307
1589 1.658125400543213
1590 1.7719529867172241
1591 2.396803855895996
1592 1.6732137203216553
1593 1.8759450912475586
1594 1.6492819786071777
1595 1.9082857370376587
1596 1.738074541091919
1597 1.7815454006195068
1598 1.8629275560379028
1599 1.7436273097991943
1600 1.7679615020751953
1601 1.760328769683838
1602 1.9036030769348145
1603 1.8428384065628052
1604 1.917235016822815
1605 1.740892767906189
1606 1.6451064348220825
1607 2.0976016521453857
1608 2.2030346393585205
1609 1.8852170705795288
1610 1.905808687210083
1611 2.058988094329834
1612 1.6942427158355713
1613 2.356278657913208
1614 1.8023111820220947
1615 1.9101643562316895
1616 1.951570987701416
1617 1.9255788326263428
1618 1.8112688064575195
1619 1.7728080749511719
1620 1.9436496496200562
1621 1.656129240989685
1622 1.7789009809494019
1623 1.7261608839035034
1624 1.94967782497406
1625 1.731614351272583
1626 1.7389328479766846
1627 1.663892149925232
1628 1.6978954076766968
1629 1.5146242380142212
1630 1.9172435998916626
1631 1.4587236642837524
1632 1.9984807968139648
1633 2.3847062587738037
1634 2.1707937717437744
1635 1.7597343921661377
1636 1.9403959512710571
1637 1.735105276107788
1638 1.8577600717544556
1639 1.953527808189392
1640 2.0827133655548096
1641 1.6929669380187988
1642 1.8945393562316895
1643 1.7607061862945557
1644 1.8421351909637451
1645 1.9172654151916504
1646 2.571693181991577
1647 1.7296339273452759
1648 2.031682014465332
1649 1.9020191431045532
1650 2.128216505050659
1651 1.9047789573669434
1652 1.9193475246429443
1653 1.9003052711486816
1654 1.592206597328186
1655 1.8096208572387695
1656 1.6564799547195435
1657 1.9971039295196533
1658 1.8055411577224731
1659 2.566129446029663
1660 1.6693530082702637
1661 1.7983375787734985
1662 1.876095175743103
1663 1.9658393859863281
1664 2.4377684593200684
1665 1.964240312576294
1666 1.8573533296585083
1667 2.3168957233428955
1668 1.9648510217666626
1669 1.8119655847549438
1670 1.669453501701355
1671 1.8614284992218018
1672 1.8439512252807617
1673 1.8597490787506104
1674 1.983338475227356
1675 1.918872594833374
1676 1.7599589824676514
1677 2.111696720123291
1678 1.750828504562378
1679 1.8753631114959717
1680 1.8474079370498657
1681 1.9940263032913208
1682 2.0068154335021973
1683 1.8784888982772827
1684 1.8636177778244019
1685 1.817996859550476
1686 1.7810378074645996
1687 1.7005726099014282
1688 1.9839037656784058
1689 1.5814528465270996
1690 1.8794254064559937
1691 2.3875832557678223
1692 1.8536787033081055
1693 1.7589657306671143
1694 2.3179128170013428
1695 1.421464443206787
1696 1.8389294147491455
1697 1.7311272621154785
1698 1.8722237348556519
1699 1.6325839757919312
1700 1.7136447429656982
1701 1.932334542274475
1702 2.021352767944336
1703 1.892710566520691
1704 1.9836628437042236
1705 1.9136008024215698
1706 1.8132966756820679
1707 1.8607815504074097
1708 1.7884830236434937
1709 1.8028737306594849
1710 1.8916854858398438
1711 1.9391491413116455
1712 1.7826709747314453
1713 1.628391146659851
1714 1.772514820098877
1715 1.7367405891418457
1716 1.8861678838729858
1717 2.0329208374023438
1718 2.197728157043457
1719 1.6770389080047607
1720 1.6541504859924316
1721 1.806557297706604
1722 1.7254407405853271
1723 1.8008769750595093
1724 1.7380473613739014
1725 1.7707676887512207
1726 1.8389618396759033
1727 1.7878785133361816
1728 1.737192153930664
1729 2.338827133178711
1730 1.5924572944641113
1731 1.8346788883209229
1732 1.773681879043579
1733 2.31719708442688
1734 1.6279222965240479
1735 1.605315923690796
1736 1.6225342750549316
1737 1.763302206993103
1738 1.8129887580871582
1739 1.7174004316329956
1740 1.7744550704956055
1741 1.8974710702896118
1742 2.0419859886169434
1743 1.726778268814087
1744 1.6462509632110596
1745 1.718381643295288
1746 1.6060879230499268
1747 2.1873552799224854
1748 1.6917623281478882
1749 1.746238112449646
1750 1.9749876260757446
1751 2.187120199203491
1752 1.7288947105407715
1753 1.6689257621765137
1754 1.9860914945602417
1755 2.020188093185425
1756 1.8282009363174438
1757 1.6522046327590942
1758 1.6377314329147339
1759 2.121763229370117
1760 1.5931082963943481
1761 2.2517879009246826
1762 1.7802754640579224
1763 2.0344583988189697
1764 1.7665082216262817
1765 1.9142751693725586
1766 1.8937848806381226
1767 1.907484531402588
1768 1.9646129608154297
1769 1.8312318325042725
1770 1.5717016458511353
1771 2.106459379196167
1772 1.8134351968765259
1773 1.6675255298614502
1774 2.111278533935547
1775 1.870502233505249
1776 1.9507068395614624
1777 1.8337037563323975
1778 1.9310386180877686
1779 1.9695611000061035
1780 1.8616217374801636
1781 1.844692349433899
1782 1.8747661113739014
1783 2.0427184104919434
1784 1.723616361618042
1785 1.8435031175613403
1786 1.6138476133346558
1787 1.77656090259552
1788 2.0665557384490967
1789 2.386270046234131
1790 2.2833120822906494
1791 2.16162371635437
1792 1.8597056865692139
1793 1.7633883953094482
1794 1.7427014112472534
1795 2.095975399017334
1796 1.7597147226333618
1797 1.7109133005142212
1798 2.072044849395752
1799 1.8481509685516357
1800 1.7524038553237915
1801 1.822609543800354
1802 1.6166244745254517
1803 1.9614794254302979
1804 1.667314052581787
1805 1.6528006792068481
1806 1.8803616762161255
1807 1.6663310527801514
1808 1.8633575439453125
1809 2.0974557399749756
1810 1.9598214626312256
1811 1.8182188272476196
1812 2.473738431930542
1813 1.487552523612976
1814 1.7781192064285278
1815 2.1369333267211914
1816 1.9301270246505737
1817 1.6045324802398682
1818 1.8903623819351196
1819 1.8638232946395874
1820 1.8601341247558594
1821 1.72551429271698
1822 1.695956826210022
1823 1.9040104150772095
1824 1.9044910669326782
1825 1.7556371688842773
1826 1.7206445932388306
1827 2.119367837905884
1828 2.4516942501068115
1829 2.370901346206665
1830 1.512776255607605
1831 1.9379829168319702
1832 1.766966462135315
1833 1.992457389831543
1834 1.7570092678070068
1835 1.9765915870666504
1836 2.032292366027832
1837 1.7176593542099
1838 1.976189374923706
1839 1.7003451585769653
1840 2.0674281120300293
1841 2.3023579120635986
1842 1.8095576763153076
1843 1.6927999258041382
1844 1.896464228630066
1845 1.7471598386764526
1846 1.6610817909240723
1847 1.6348040103912354
1848 1.7758593559265137
1849 1.9566158056259155
1850 2.1512420177459717
1851 1.6415257453918457
1852 2.237780809402466
1853 2.0142314434051514
1854 2.063875675201416
1855 2.2260849475860596
1856 2.0411887168884277
1857 1.8227187395095825
1858 2.069155693054199
1859 1.964124083518982
1860 1.6518402099609375
1861 1.8685530424118042
1862 1.835658311843872
1863 1.7861219644546509
1864 1.5860763788223267
1865 2.471369981765747
1866 1.6569079160690308
1867 1.8831652402877808
1868 1.7465699911117554
1869 1.8169480562210083
1870 1.929919958114624
1871 1.7447819709777832
1872 1.9084497690200806
1873 1.928623914718628
1874 1.743114948272705
1875 2.3401927947998047
1876 2.3152523040771484
1877 1.803658127784729
1878 1.995314359664917
1879 1.6393660306930542
1880 1.7947055101394653
1881 1.8540979623794556
1882 1.6809320449829102
1883 1.7342556715011597
1884 1.8679351806640625
1885 1.7980561256408691
1886 2.1920878887176514
1887 1.7278355360031128
1888 2.138817071914673
1889 1.8196216821670532
1890 1.8446781635284424
1891 1.9080067873001099
1892 1.5712621212005615
1893 1.6846221685409546
1894 1.7383919954299927
1895 1.8662822246551514
1896 1.9127191305160522
1897 1.8337745666503906
1898 1.8537229299545288
1899 2.059807538986206
1900 1.6146310567855835
1901 1.7890294790267944
1902 1.7918100357055664
1903 2.202627420425415
1904 1.8558756113052368
1905 1.775993824005127
1906 2.1525745391845703
1907 1.6514095067977905
1908 1.9261972904205322
1909 1.760352611541748
1910 2.1847925186157227
1911 2.0260093212127686
1912 1.8808671236038208
1913 1.689468502998352
1914 1.781459927558899
1915 1.8262789249420166
1916 1.8401826620101929
1917 1.7874118089675903
1918 1.592015027999878
1919 1.6960983276367188
1920 2.267146587371826
1921 1.81067955493927
1922 1.8963717222213745
1923 2.085994243621826
1924 2.137315034866333
1925 1.614635705947876
1926 2.274796485900879
1927 1.827271580696106
1928 2.221248149871826
1929 1.7060117721557617
1930 1.9440505504608154
1931 1.922040581703186
1932 2.1798362731933594
1933 1.794044017791748
1934 1.8272979259490967
1935 2.0594213008880615
1936 1.9642289876937866
1937 1.9342650175094604
1938 1.718464732170105
1939 2.146251916885376
1940 1.5976529121398926
1941 1.5310947895050049
1942 1.7476462125778198
1943 1.6691430807113647
1944 1.7889894247055054
1945 1.7133376598358154
1946 1.6013292074203491
1947 1.8895186185836792
1948 1.532990574836731
1949 1.6863285303115845
1950 1.652382493019104
1951 1.6387885808944702
1952 1.6566317081451416
1953 2.05576491355896
1954 1.9230611324310303
1955 1.5971871614456177
1956 1.772196888923645
1957 1.5493736267089844
1958 1.810340166091919
1959 2.031470775604248
1960 1.6730738878250122
1961 2.0387773513793945
1962 1.7074016332626343
1963 1.9243381023406982
1964 2.3863959312438965
1965 1.675136685371399
1966 1.639359474182129
1967 1.586132526397705
1968 1.8634134531021118
1969 1.8484115600585938
1970 1.7350221872329712
1971 2.1464109420776367
1972 1.6809133291244507
1973 1.9492980241775513
1974 1.74223792552948
1975 1.7692281007766724
1976 1.9171677827835083
1977 1.803491473197937
1978 1.772042989730835
1979 1.6114368438720703
1980 1.7033976316452026
1981 1.782808780670166
1982 1.6734408140182495
1983 1.9754339456558228
1984 1.991985559463501
1985 1.583090901374817
1986 1.8564941883087158
1987 1.7813897132873535
1988 2.033087730407715
1989 1.8367061614990234
1990 1.904249906539917
1991 1.6823968887329102
1992 1.7390460968017578
1993 1.7284176349639893
1994 1.7456269264221191
1995 1.9760217666625977
1996 1.5598677396774292
1997 1.9992619752883911
1998 1.5251516103744507
1999 1.6675539016723633
2000 1.5489912033081055
2001 1.710647463798523
2002 1.6630523204803467
2003 2.0141239166259766
2004 1.6810811758041382
2005 1.9212418794631958
2006 2.430407762527466
2007 1.7626235485076904
2008 1.7039912939071655
2009 1.9620059728622437
2010 2.271164894104004
2011 1.5730249881744385
2012 1.7989459037780762
2013 1.9032546281814575
2014 1.6930992603302002
2015 2.2726221084594727
2016 1.7864696979522705
2017 1.7583801746368408
2018 2.037097930908203
2019 1.8834978342056274
2020 2.0952208042144775
2021 1.9409321546554565
2022 2.3041341304779053
2023 1.8073168992996216
2024 2.0474495887756348
2025 1.9902421236038208
2026 1.7812514305114746
2027 1.901816487312317
2028 1.8710633516311646
2029 1.8566324710845947
2030 1.7325708866119385
2031 1.6821701526641846
2032 1.7749415636062622
2033 2.1474905014038086
2034 1.6463603973388672
2035 1.843916654586792
2036 1.8735907077789307
2037 1.6856346130371094
2038 1.79218590259552
2039 2.026684045791626
2040 2.008929491043091
2041 1.4628431797027588
2042 1.80869460105896
2043 1.7262327671051025
2044 1.5280410051345825
2045 1.7577122449874878
2046 1.8703545331954956
2047 2.1941325664520264
2048 2.0553014278411865
2049 2.3153700828552246
2050 2.018404960632324
2051 1.721786379814148
2052 1.451626181602478
2053 1.6523388624191284
2054 1.5469675064086914
2055 1.7386608123779297
2056 1.9052809476852417
2057 1.81978178024292
2058 1.5792852640151978
2059 1.4718245267868042
2060 1.7428168058395386
2061 1.6891878843307495
2062 1.6944007873535156
2063 1.8306517601013184
2064 1.8329167366027832
2065 1.7281098365783691
2066 1.914262294769287
2067 1.6384027004241943
2068 1.6389012336730957
2069 1.4329760074615479
2070 1.8381030559539795
2071 1.8161593675613403
2072 1.63765549659729
2073 1.6486880779266357
2074 1.66521418094635
2075 1.4990994930267334
2076 1.8103276491165161
2077 1.7630091905593872
2078 2.048370361328125
2079 1.9297012090682983
2080 1.9714406728744507
2081 2.3532705307006836
2082 1.8744456768035889
2083 1.7625950574874878
2084 1.59321928024292
2085 1.969384789466858
2086 1.7127970457077026
2087 1.773885726928711
2088 1.566033959388733
2089 2.2709360122680664
2090 1.755786657333374
2091 1.5804240703582764
2092 1.7750864028930664
2093 1.7790125608444214
2094 1.9492591619491577
2095 1.716618537902832
2096 1.7783435583114624
2097 1.7610695362091064
2098 1.8584165573120117
2099 1.7657026052474976
2100 1.8414241075515747
2101 1.9047646522521973
2102 1.7168176174163818
2103 1.998602271080017
2104 2.115952491760254
2105 2.195706605911255
2106 1.641489863395691
2107 2.309525966644287
2108 1.7411283254623413
2109 1.991530418395996
2110 1.7329524755477905
2111 1.4994983673095703
2112 1.548200011253357
2113 1.7550811767578125
2114 2.2720651626586914
2115 2.354175567626953
2116 1.8117635250091553
2117 1.7628024816513062
2118 1.8039814233779907
2119 1.7481452226638794
2120 1.9486284255981445
2121 2.2425589561462402
2122 2.201901435852051
2123 2.1860527992248535
2124 1.6577301025390625
2125 2.2356386184692383
2126 2.023254871368408
2127 1.6867952346801758
2128 1.7089385986328125
2129 1.8791322708129883
2130 1.863642692565918
2131 1.8025174140930176
2132 1.9073477983474731
2133 1.7870291471481323
2134 1.932159185409546
2135 1.765345573425293
2136 1.5689756870269775
2137 1.8497403860092163
2138 1.9043985605239868
2139 1.7733341455459595
2140 1.9676872491836548
2141 1.9035760164260864
2142 2.0074522495269775
2143 1.7929733991622925
2144 1.6579235792160034
2145 1.6001888513565063
2146 1.9969273805618286
2147 1.6945358514785767
2148 1.685692310333252
2149 1.7824496030807495
2150 1.8117057085037231
2151 2.0440032482147217
2152 1.621636152267456
2153 2.3713924884796143
2154 2.05491042137146
2155 2.0039687156677246
2156 1.9003316164016724
2157 1.8879194259643555
2158 1.8721312284469604
2159 2.0238537788391113
2160 1.911181092262268
2161 1.5809099674224854
2162 1.7002989053726196
2163 1.9346277713775635
2164 1.8906153440475464
2165 1.6885393857955933
2166 1.7275928258895874
2167 1.5916870832443237
2168 1.9692176580429077
2169 1.913986325263977
2170 1.6410202980041504
2171 1.8390717506408691
2172 1.730668544769287
2173 2.036975383758545
2174 1.64975106716156
2175 2.138949394226074
2176 1.739829659461975
2177 1.9441932439804077
2178 1.8132576942443848
2179 1.677176594734192
2180 1.784912109375
2181 1.8986226320266724
2182 1.5510823726654053
2183 1.7637042999267578
2184 2.128175973892212
2185 1.8088701963424683
2186 1.7779117822647095
2187 1.6641901731491089
2188 1.9400205612182617
2189 1.9800573587417603
2190 2.195019245147705
2191 1.7995706796646118
2192 2.3348050117492676
2193 1.6133567094802856
2194 1.7744613885879517
2195 1.9764350652694702
2196 1.7378956079483032
2197 1.7268754243850708
2198 1.7256683111190796
2199 1.9539785385131836
2200 2.069704294204712
2201 1.722352147102356
2202 2.0562448501586914
2203 2.2951457500457764
2204 1.8776477575302124
2205 1.7470207214355469
2206 1.8418033123016357
2207 1.6673033237457275
2208 1.7689573764801025
2209 2.134722948074341
2210 1.933765172958374
2211 1.8436404466629028
2212 2.2606334686279297
2213 1.719063639640808
2214 1.7168470621109009
2215 1.709630012512207
2216 1.724949598312378
2217 1.8924915790557861
2218 1.6993235349655151
2219 1.8865966796875
2220 1.6400843858718872
2221 1.877905011177063
2222 1.5698508024215698
2223 1.7841228246688843
2224 2.0438191890716553
2225 2.1394617557525635
2226 1.9943217039108276
2227 2.06442928314209
2228 1.7904036045074463
2229 1.7294498682022095
2230 1.706697940826416
2231 2.153193950653076
2232 1.7983301877975464
2233 1.8606101274490356
2234 1.6535061597824097
2235 1.8854650259017944
2236 1.4450327157974243
2237 1.7589365243911743
2238 2.179107427597046
2239 2.005869150161743
2240 1.6809277534484863
2241 1.613178014755249
2242 1.836684226989746
2243 1.617879033088684
2244 1.940386414527893
2245 1.6088430881500244
2246 1.5885794162750244
2247 2.0850179195404053
2248 2.1667897701263428
2249 1.9932621717453003
2250 1.5376088619232178
2251 1.9427013397216797
2252 1.8520944118499756
2253 1.7427157163619995
2254 1.5385921001434326
2255 1.6468387842178345
2256 1.8559480905532837
2257 1.5472050905227661
2258 1.6856075525283813
2259 1.8131417036056519
2260 1.531161904335022
2261 2.0456814765930176
2262 1.8007947206497192
2263 1.9246587753295898
2264 1.9765843152999878
2265 1.8571854829788208
2266 1.6763668060302734
2267 1.7270628213882446
2268 1.6409519910812378
2269 1.7884628772735596
2270 1.953766942024231
2271 1.7338433265686035
2272 1.8335697650909424
2273 1.634494662284851
2274 1.8035670518875122
2275 2.1799750328063965
2276 2.0625951290130615
2277 1.9081709384918213
2278 2.2055585384368896
2279 2.2162692546844482
2280 1.7018094062805176
2281 1.8580400943756104
2282 2.150888204574585
2283 2.139906644821167
2284 1.8882472515106201
2285 1.62851083278656
2286 2.023036003112793
2287 1.8358871936798096
2288 1.9054681062698364
2289 1.8933862447738647
2290 1.7905300855636597
2291 1.5972545146942139
2292 1.935816764831543
2293 2.28531813621521
2294 1.4976993799209595
2295 1.8958492279052734
2296 1.6910881996154785
2297 1.5071158409118652
2298 1.9110795259475708
2299 1.8756346702575684
2300 1.4937222003936768
2301 1.8415931463241577
2302 1.7257404327392578
2303 1.665846824645996
2304 1.852681279182434
2305 1.753866195678711
2306 1.7627853155136108
2307 1.732755422592163
2308 1.892520785331726
2309 2.046086311340332
2310 1.7759504318237305
2311 1.8986622095108032
2312 1.9516868591308594
2313 1.9261778593063354
2314 2.0749528408050537
2315 2.1476404666900635
2316 1.855678915977478
2317 1.886432409286499
2318 1.750151515007019
2319 1.817392110824585
2320 1.9133076667785645
2321 1.8619381189346313
2322 1.7430931329727173
2323 1.8347634077072144
2324 1.8815737962722778
2325 2.1515960693359375
2326 1.9315311908721924
2327 1.7685719728469849
2328 1.8363897800445557
2329 1.8007732629776
2330 1.9170254468917847
2331 1.9597662687301636
2332 1.856245517730713
2333 1.9577133655548096
2334 2.088310718536377
2335 2.0893383026123047
2336 1.7930505275726318
2337 1.7632091045379639
2338 1.9445087909698486
2339 1.9372003078460693
2340 1.7330904006958008
2341 1.7194379568099976
2342 2.205460786819458
2343 1.6969305276870728
2344 1.8514758348464966
2345 2.0861282348632812
2346 1.9770036935806274
2347 1.7380449771881104
2348 1.772131085395813
2349 2.0499470233917236
2350 2.049297571182251
2351 1.724575161933899
2352 1.7734754085540771
2353 2.3079135417938232
2354 1.7415986061096191
2355 1.824057936668396
2356 1.7433243989944458
2357 2.0597434043884277
2358 2.031012773513794
2359 1.7941049337387085
2360 1.6899410486221313
2361 1.6733996868133545
2362 1.8518887758255005
2363 1.935131549835205
2364 1.907375454902649
2365 1.7922016382217407
2366 1.9913263320922852
2367 1.983379602432251
2368 2.112581253051758
2369 1.7695648670196533
2370 2.0036768913269043
2371 1.7922182083129883
2372 1.8231486082077026
2373 1.8603599071502686
2374 1.7101224660873413
2375 1.7453924417495728
2376 1.7574702501296997
2377 2.020303726196289
2378 1.956088662147522
2379 1.9995075464248657
2380 2.3875739574432373
2381 1.7391444444656372
2382 1.6314213275909424
2383 1.9380983114242554
2384 2.087514877319336
2385 1.971039891242981
2386 2.160606861114502
2387 1.9708253145217896
2388 1.7049001455307007
2389 2.1109938621520996
2390 1.8836793899536133
2391 1.5542241334915161
2392 1.9316904544830322
2393 1.8313515186309814
2394 1.735998272895813
2395 1.8304238319396973
2396 1.7983322143554688
2397 1.675773024559021
2398 1.7906169891357422
2399 1.870629906654358
2400 1.9066505432128906
2401 1.8854923248291016
2402 2.10725998878479
2403 1.9040032625198364
2404 1.9742138385772705
2405 2.354188919067383
2406 1.6232174634933472
2407 1.5678186416625977
2408 1.722447156906128
2409 1.8406232595443726
2410 1.842971920967102
2411 1.936118483543396
2412 1.7616819143295288
2413 1.7731754779815674
2414 2.158397912979126
2415 1.652679681777954
2416 1.6014232635498047
2417 1.6504720449447632
2418 1.8029435873031616
2419 1.9607603549957275
2420 2.0226452350616455
2421 1.8828731775283813
2422 1.8194377422332764
2423 1.8777167797088623
2424 1.815553069114685
2425 1.9379122257232666
2426 1.6432112455368042
2427 1.693277359008789
2428 1.4856164455413818
2429 1.8099908828735352
2430 1.7698891162872314
2431 1.8555110692977905
2432 1.7913062572479248
2433 2.203110933303833
2434 1.593360185623169
2435 1.7719988822937012
2436 1.7390564680099487
2437 1.7188866138458252
2438 1.5827192068099976
2439 1.7090004682540894
2440 1.5396029949188232
2441 2.017871141433716
2442 1.6211997270584106
2443 1.6616898775100708
2444 2.272970199584961
2445 1.8271178007125854
2446 1.8791788816452026
2447 1.8623402118682861
2448 1.7749745845794678
2449 2.2359461784362793
2450 2.077392101287842
2451 1.884126901626587
2452 1.6817519664764404
2453 1.7893186807632446
2454 1.5561089515686035
2455 2.118114709854126
2456 1.776892900466919
2457 1.6785061359405518
2458 2.080613374710083
2459 1.719423770904541
2460 1.7557916641235352
2461 1.8064663410186768
2462 1.9072349071502686
2463 1.5391074419021606
2464 1.7515392303466797
2465 1.4759389162063599
2466 1.8672120571136475
2467 2.269559621810913
2468 2.3487985134124756
2469 1.7969269752502441
2470 1.8275303840637207
2471 1.8603852987289429
2472 1.762032389640808
2473 1.865648865699768
2474 2.1268839836120605
2475 1.8773597478866577
2476 1.8803117275238037
2477 1.7184146642684937
2478 1.8722456693649292
2479 1.698443055152893
2480 1.758641004562378
2481 1.8644142150878906
2482 2.100715398788452
2483 1.6953561305999756
2484 1.681905746459961
2485 2.085231065750122
2486 1.9038832187652588
2487 1.9907017946243286
2488 1.5839958190917969
2489 1.7317248582839966
2490 1.7782845497131348
2491 1.5498133897781372
2492 1.9135874509811401
2493 2.210848808288574
2494 1.6855175495147705
2495 2.1784260272979736
2496 1.7811518907546997
2497 1.7272332906723022
2498 1.5286756753921509
2499 1.8059144020080566
2500 2.0472772121429443
2501 2.0327534675598145
2502 2.176128387451172
2503 2.010171413421631
2504 1.820147156715393
2505 1.833327054977417
2506 2.0029473304748535
2507 1.9507101774215698
2508 1.8134238719940186
2509 1.8229790925979614
2510 1.8968496322631836
2511 1.7970553636550903
2512 1.6807563304901123
2513 2.0185484886169434
2514 1.6579288244247437
2515 1.9803951978683472
2516 1.773429274559021
2517 1.8827966451644897
2518 1.768079400062561
2519 1.8875627517700195
2520 1.7507643699645996
2521 2.0849671363830566
2522 1.732924461364746
2523 1.9104597568511963
2524 1.6107653379440308
2525 1.7213886976242065
2526 1.6970924139022827
2527 1.5816742181777954
2528 2.018770217895508
2529 1.9166169166564941
2530 1.7286752462387085
2531 1.9000048637390137
2532 1.9177078008651733
2533 1.8313909769058228
2534 1.9253650903701782
2535 1.6897660493850708
2536 1.66482412815094
2537 1.471161127090454
2538 2.141455888748169
2539 1.6964162588119507
2540 2.004364490509033
2541 1.922271490097046
2542 2.000332832336426
2543 1.881474494934082
2544 1.9940612316131592
2545 1.547469139099121
2546 2.105590343475342
2547 1.8443890810012817
2548 1.8214689493179321
2549 1.6646424531936646
2550 1.864729881286621
2551 1.5793437957763672
2552 1.6254650354385376
2553 2.033548355102539
2554 1.7011362314224243
2555 1.9382418394088745
2556 1.6929876804351807
2557 1.910720944404602
2558 2.0357673168182373
2559 1.7731845378875732
2560 1.8674769401550293
2561 1.8148233890533447
2562 1.781791090965271
2563 1.6591501235961914
2564 1.8744515180587769
2565 1.9863933324813843
2566 2.0408642292022705
2567 1.601132869720459
2568 1.754396677017212
2569 2.131829023361206
2570 1.971898078918457
2571 2.066972255706787
2572 1.6442807912826538
2573 1.9022362232208252
2574 1.8829777240753174
2575 1.7930984497070312
2576 2.1667087078094482
2577 1.822987675666809
2578 1.7900408506393433
2579 1.9418723583221436
2580 2.141361713409424
2581 1.8037301301956177
2582 2.17466139793396
2583 1.8462411165237427
2584 1.8736697435379028
2585 1.9029806852340698
2586 1.6866326332092285
2587 1.8027232885360718
2588 1.7812554836273193
2589 1.7501016855239868
2590 1.8588271141052246
2591 1.7619763612747192
2592 1.783043384552002
2593 2.0964081287384033
2594 1.889804720878601
2595 2.1483912467956543
2596 1.9809534549713135
2597 1.7927004098892212
2598 2.094895362854004
2599 1.6982859373092651
2600 1.8264026641845703
2601 1.8924260139465332
2602 1.9699348211288452
2603 1.7164818048477173
2604 1.7986310720443726
2605 2.0232160091400146
2606 1.7954280376434326
2607 1.7855439186096191
2608 1.7742669582366943
2609 1.6357327699661255
2610 1.7223423719406128
2611 2.068589448928833
2612 1.6247361898422241
2613 1.7597326040267944
2614 1.939220905303955
2615 1.6571792364120483
2616 1.90032958984375
2617 1.5671610832214355
2618 1.791869044303894
2619 1.8593376874923706
2620 2.147087335586548
2621 1.850114107131958
2622 1.9081166982650757
2623 2.066340684890747
2624 1.6892064809799194
2625 1.7550773620605469
2626 2.0203816890716553
2627 2.17374849319458
2628 1.8935540914535522
2629 1.9019743204116821
2630 2.309839963912964
2631 1.7759590148925781
2632 1.9853068590164185
2633 2.097278594970703
2634 1.727268099784851
2635 1.7411061525344849
2636 1.8862351179122925
2637 1.618679165840149
2638 1.6975289583206177
2639 1.6953328847885132
2640 1.9898349046707153
2641 1.7214254140853882
2642 1.7550839185714722
2643 2.1243128776550293
2644 1.5101970434188843
2645 1.9441999197006226
2646 1.7042185068130493
2647 1.9353275299072266
2648 1.7402321100234985
2649 2.1807312965393066
2650 1.7698720693588257
2651 1.9554780721664429
2652 1.7288403511047363
2653 2.0961482524871826
2654 1.9748574495315552
2655 1.8088982105255127
2656 1.7165002822875977
2657 1.987116813659668
2658 1.8130818605422974
2659 1.7952146530151367
2660 1.8295561075210571
2661 1.6192330121994019
2662 1.8299168348312378
2663 2.0906896591186523
2664 1.9190480709075928
2665 1.8013979196548462
2666 1.6888477802276611
2667 1.716992974281311
2668 1.774364709854126
2669 2.09656023979187
2670 2.073099136352539
2671 1.9783120155334473
2672 2.0137197971343994
2673 1.6878762245178223
2674 1.9215561151504517
2675 1.839124321937561
2676 1.9363516569137573
2677 1.808516025543213
2678 1.9220435619354248
2679 2.1317596435546875
2680 1.9109117984771729
2681 1.7046750783920288
2682 2.07869553565979
2683 1.6329526901245117
2684 1.5101823806762695
2685 2.1373729705810547
2686 1.7844561338424683
2687 1.9670183658599854
2688 1.8881516456604004
2689 1.796837568283081
2690 1.8982514142990112
2691 1.897484540939331
2692 2.017026424407959
2693 1.905419111251831
2694 1.947198748588562
2695 1.8523966073989868
2696 2.0966298580169678
2697 1.8521801233291626
2698 1.9220203161239624
2699 1.6964858770370483
2700 1.9161946773529053
2701 1.8195102214813232
2702 1.7780570983886719
2703 1.9895981550216675
2704 1.6989243030548096
2705 1.9227603673934937
2706 1.6040390729904175
2707 2.2252309322357178
2708 1.80501389503479
2709 1.7043604850769043
2710 1.764264702796936
2711 1.940369963645935
2712 2.0807735919952393
2713 1.9701354503631592
2714 1.7604440450668335
2715 1.8101739883422852
2716 1.5967392921447754
2717 1.8379557132720947
2718 1.618329644203186
2719 1.8650579452514648
2720 1.9114341735839844
2721 1.8509657382965088
2722 1.6751433610916138
2723 1.68057382106781
2724 2.010997772216797
2725 2.168159008026123
2726 1.7665529251098633
2727 1.8290754556655884
2728 1.684990406036377
2729 1.7561594247817993
2730 1.930659294128418
2731 1.654321312904358
2732 1.969396948814392
2733 1.9382588863372803
2734 1.9072999954223633
2735 1.5894235372543335
2736 1.866153597831726
2737 1.767992377281189
2738 1.7643377780914307
2739 2.133545160293579
2740 1.9670393466949463
2741 1.7363544702529907
2742 1.5418415069580078
2743 1.8115321397781372
2744 1.8000348806381226
2745 2.017435312271118
2746 1.8817692995071411
2747 1.6642245054244995
2748 1.9792358875274658
2749 2.3227410316467285
2750 1.4631543159484863
2751 1.7801116704940796
2752 1.8357188701629639
2753 1.575096845626831
2754 1.6760352849960327
2755 1.8270602226257324
2756 1.9874218702316284
2757 1.9869141578674316
2758 1.8093632459640503
2759 1.8171826601028442
2760 1.742551565170288
2761 1.8733453750610352
2762 1.6787360906600952
2763 1.7191213369369507
2764 1.8539090156555176
2765 1.860791802406311
2766 1.7304973602294922
2767 1.7292526960372925
2768 1.6630926132202148
2769 1.6942627429962158
2770 2.217134475708008
2771 2.1358227729797363
2772 2.1233129501342773
2773 1.692824125289917
2774 1.8488184213638306
2775 2.006117105484009
2776 1.890926480293274
2777 1.98089599609375
2778 1.7599620819091797
2779 1.8440061807632446
2780 1.8815433979034424
2781 1.6399953365325928
2782 1.5616230964660645
2783 1.7464112043380737
2784 1.6113712787628174
2785 1.7029411792755127
2786 1.7094345092773438
2787 1.9376296997070312
2788 1.550235390663147
2789 1.8011770248413086
2790 1.577863335609436
2791 1.7281363010406494
2792 1.997301697731018
2793 2.213545322418213
2794 1.949588418006897
2795 1.866874098777771
2796 1.5799859762191772
2797 1.7877179384231567
2798 1.9793875217437744
2799 1.6853365898132324
2800 1.8038451671600342
2801 2.0333569049835205
2802 1.7192810773849487
2803 2.027966022491455
2804 1.7582623958587646
2805 1.6448512077331543
2806 1.672332763671875
2807 1.8495230674743652
2808 1.915565013885498
2809 1.8119486570358276
2810 1.863294005393982
2811 1.7987523078918457
2812 1.8576492071151733
2813 1.7357548475265503
2814 1.8967915773391724
2815 1.7262691259384155
2816 1.9444386959075928
2817 1.5483664274215698
2818 2.192840337753296
2819 2.027740240097046
2820 1.9178704023361206
2821 1.9583518505096436
2822 1.5774564743041992
2823 2.0603551864624023
2824 1.8595293760299683
2825 1.7619552612304688
2826 2.127368450164795
2827 1.5268768072128296
2828 1.7567249536514282
2829 1.6803693771362305
2830 1.925811767578125
2831 2.0597963333129883
2832 1.7632396221160889
2833 1.8094730377197266
2834 1.7966761589050293
2835 2.101428270339966
2836 2.019651412963867
2837 1.7294927835464478
2838 1.7556802034378052
2839 1.5812219381332397
2840 1.76758873462677
2841 1.5848863124847412
2842 1.9115406274795532
2843 1.7442734241485596
2844 1.712557077407837
2845 2.059002161026001
2846 1.718576192855835
2847 1.6177594661712646
2848 1.6218582391738892
2849 1.6158934831619263
2850 2.149235248565674
2851 1.656637191772461
2852 1.627791404724121
2853 2.1892311573028564
2854 1.6703048944473267
2855 1.782662272453308
2856 2.1149179935455322
2857 1.6793336868286133
2858 1.5370941162109375
2859 2.1297154426574707
2860 1.9580249786376953
2861 1.7002184391021729
2862 1.852272629737854
2863 2.120626926422119
2864 1.7808676958084106
2865 1.8915326595306396
2866 1.6641240119934082
2867 1.9764502048492432
2868 1.690395474433899
2869 1.7844445705413818
2870 1.8105727434158325
2871 1.6479614973068237
2872 1.7521334886550903
2873 2.137725591659546
2874 1.8573246002197266
2875 1.8818851709365845
2876 1.9548959732055664
2877 1.9688823223114014
2878 1.774328589439392
2879 1.735701322555542
2880 1.823491096496582
2881 1.8122905492782593
2882 1.8382409811019897
2883 1.842468023300171
2884 1.8517911434173584
2885 1.7769030332565308
2886 1.6304056644439697
2887 1.5131070613861084
2888 1.6710056066513062
2889 2.0147833824157715
2890 2.178943395614624
2891 1.8524693250656128
2892 1.7071092128753662
2893 1.5750112533569336
2894 1.5895228385925293
2895 1.7628834247589111
2896 1.5872200727462769
2897 1.6333552598953247
2898 1.526861548423767
2899 1.7918529510498047
2900 1.9567397832870483
2901 1.6152503490447998
2902 1.917362093925476
2903 1.8700133562088013
2904 2.0567779541015625
2905 1.7157483100891113
2906 1.6958866119384766
2907 2.01621150970459
2908 1.6643519401550293
2909 1.67209792137146
2910 1.8158117532730103
2911 1.5987077951431274
2912 2.1867494583129883
2913 1.6660192012786865
2914 1.9958937168121338
2915 1.5139790773391724
2916 1.670141339302063
2917 1.8373116254806519
2918 2.2642600536346436
2919 1.8014967441558838
2920 1.6585781574249268
2921 1.8987213373184204
2922 2.0539097785949707
2923 1.759423017501831
2924 1.5896860361099243
2925 1.7523503303527832
2926 2.019456624984741
2927 1.8361371755599976
2928 1.9940448999404907
2929 1.606238842010498
2930 1.9394408464431763
2931 1.8419824838638306
2932 1.7263532876968384
2933 2.1738643646240234
2934 1.7099127769470215
2935 2.1875507831573486
2936 1.7594172954559326
2937 1.726823329925537
2938 1.7035318613052368
2939 1.6245890855789185
2940 2.090951681137085
2941 1.7862300872802734
2942 1.8647319078445435
2943 1.756544828414917
2944 1.666190266609192
2945 2.245762348175049
2946 2.1778886318206787
2947 1.7279706001281738
2948 1.9520939588546753
2949 1.6949795484542847
2950 1.9921162128448486
2951 2.005230665206909
2952 1.9249731302261353
2953 2.039431095123291
2954 1.6813185214996338
2955 1.7762291431427002
2956 2.0029995441436768
2957 1.7882524728775024
2958 1.673863172531128
2959 1.5479705333709717
2960 1.9365605115890503
2961 1.831122636795044
2962 2.1250462532043457
2963 2.309699773788452
2964 1.961391806602478
2965 1.8995510339736938
2966 1.7817962169647217
2967 1.7900118827819824
2968 1.9050651788711548
2969 1.9875932931900024
2970 1.826743245124817
2971 1.8435661792755127
2972 2.0884406566619873
2973 1.8728022575378418
2974 1.7716220617294312
2975 1.8337262868881226
2976 1.7588167190551758
2977 1.8863599300384521
2978 1.9677048921585083
2979 1.832022786140442
2980 1.7522377967834473
2981 1.938326358795166
2982 1.914197325706482
2983 2.097381114959717
2984 1.6897653341293335
2985 1.8614492416381836
2986 1.6475002765655518
2987 1.779262661933899
2988 1.7591235637664795
2989 1.673846960067749
2990 2.1019535064697266
2991 2.016890525817871
2992 1.7274255752563477
2993 1.9706547260284424
2994 2.000282049179077
2995 1.9572633504867554
2996 1.8307262659072876
2997 2.2448818683624268
2998 1.6871581077575684
2999 1.8533775806427002
