0 5.835263252258301
1 5.749696254730225
2 4.830533027648926
3 5.641779899597168
4 5.191038131713867
5 5.4448561668396
6 4.901756763458252
7 5.057487487792969
8 5.275082588195801
9 5.632382392883301
10 5.236649036407471
11 4.333439826965332
12 4.814167499542236
13 4.281863689422607
14 4.808107852935791
15 4.318054676055908
16 5.47792387008667
17 5.32573938369751
18 4.53331995010376
19 4.716890335083008
20 4.848158359527588
21 3.897193431854248
22 3.9933815002441406
23 4.268819808959961
24 4.56379508972168
25 4.356790542602539
26 4.423605918884277
27 4.2768635749816895
28 4.408416748046875
29 3.5324201583862305
30 4.099830627441406
31 3.7161710262298584
32 3.404327869415283
33 3.963597297668457
34 4.128511905670166
35 4.301672458648682
36 4.035199165344238
37 3.6457691192626953
38 4.055502414703369
39 3.4337387084960938
40 4.044534206390381
41 3.630732536315918
42 3.881422996520996
43 3.4210922718048096
44 3.9115045070648193
45 3.4323039054870605
46 3.8874385356903076
47 3.618820905685425
48 2.969205379486084
49 3.2706527709960938
50 4.027737140655518
51 3.5057849884033203
52 3.376055955886841
53 3.238513708114624
54 3.974294662475586
55 3.3108928203582764
56 3.7531325817108154
57 3.5264031887054443
58 3.477969169616699
59 3.3976240158081055
60 3.3622705936431885
61 3.7146592140197754
62 2.690491199493408
63 3.0760669708251953
64 2.9962382316589355
65 3.121551036834717
66 3.161001443862915
67 3.2582225799560547
68 3.353653907775879
69 3.2027368545532227
70 3.484348773956299
71 3.4284443855285645
72 3.3379650115966797
73 3.3767573833465576
74 3.2633047103881836
75 2.8834726810455322
76 3.2308332920074463
77 3.529165744781494
78 3.4259235858917236
79 2.8957974910736084
80 3.082261085510254
81 3.326458215713501
82 3.565541982650757
83 3.187960624694824
84 3.2203879356384277
85 2.942077875137329
86 3.2204065322875977
87 3.1659696102142334
88 3.508927345275879
89 2.763031482696533
90 3.0387890338897705
91 2.9221835136413574
92 2.917238712310791
93 3.3407139778137207
94 3.1798815727233887
95 2.759819984436035
96 3.1379566192626953
97 3.062178611755371
98 2.912477731704712
99 2.9391355514526367
100 2.8700156211853027
101 2.7915470600128174
102 3.169267177581787
103 3.1238880157470703
104 2.959486722946167
105 2.9725310802459717
106 3.2788333892822266
107 2.9177701473236084
108 2.690906524658203
109 3.0827724933624268
110 3.0225884914398193
111 2.749206066131592
112 3.172266721725464
113 3.011650323867798
114 3.023547887802124
115 3.2184700965881348
116 2.5925939083099365
117 3.5599374771118164
118 3.2421107292175293
119 3.0423600673675537
120 2.5444281101226807
121 2.809497833251953
122 2.920853853225708
123 3.066498041152954
124 3.1583058834075928
125 3.1407737731933594
126 3.2978198528289795
127 3.0089848041534424
128 3.1285812854766846
129 2.9894251823425293
130 2.8432846069335938
131 2.671283721923828
132 2.4033873081207275
133 3.0121333599090576
134 3.4445736408233643
135 2.736100673675537
136 2.8020615577697754
137 2.856191873550415
138 2.183368682861328
139 3.0649166107177734
140 2.7308175563812256
141 2.770742416381836
142 2.596952199935913
143 2.9584553241729736
144 2.9574742317199707
145 2.806490421295166
146 3.108977794647217
147 2.578887462615967
148 2.4107844829559326
149 2.580116033554077
150 2.444532871246338
151 3.702603816986084
152 2.591902017593384
153 2.7367942333221436
154 2.959075689315796
155 2.6964950561523438
156 2.6612331867218018
157 3.024479627609253
158 2.8456850051879883
159 2.6512365341186523
160 2.8888344764709473
161 3.026848316192627
162 2.5911197662353516
163 2.8306617736816406
164 2.854356050491333
165 2.585514545440674
166 2.633596897125244
167 2.4591917991638184
168 2.7152047157287598
169 2.8616790771484375
170 2.7476651668548584
171 2.856492519378662
172 3.0223233699798584
173 2.8964288234710693
174 3.1535840034484863
175 2.8733298778533936
176 2.8848135471343994
177 2.911309003829956
178 2.687089681625366
179 2.8783318996429443
180 2.6348588466644287
181 2.4273741245269775
182 2.9365248680114746
183 3.0394210815429688
184 2.3938467502593994
185 2.6725449562072754
186 3.0220561027526855
187 2.6925954818725586
188 2.8119969367980957
189 2.522881507873535
190 2.982497453689575
191 2.699955701828003
192 2.909789800643921
193 2.281615972518921
194 2.7272231578826904
195 2.6402602195739746
196 3.0158779621124268
197 3.00846004486084
198 2.868555784225464
199 2.8732378482818604
200 2.8496429920196533
201 2.4602136611938477
202 2.7697553634643555
203 2.625582218170166
204 2.618314743041992
205 2.9655210971832275
206 3.037321090698242
207 2.942732572555542
208 3.108829975128174
209 2.5366127490997314
210 2.791440963745117
211 2.5888333320617676
212 2.783501386642456
213 2.508882999420166
214 2.440650224685669
215 2.867047071456909
216 2.5462756156921387
217 2.679351568222046
218 2.6813900470733643
219 2.7294349670410156
220 2.980574131011963
221 2.7276129722595215
222 2.8116166591644287
223 3.290834426879883
224 2.8772332668304443
225 2.6934220790863037
226 2.631791591644287
227 2.841400146484375
228 3.0892415046691895
229 2.750352382659912
230 2.517463445663452
231 2.4160799980163574
232 2.1498501300811768
233 2.8263258934020996
234 2.4611353874206543
235 2.5075645446777344
236 2.9551918506622314
237 2.4892418384552
238 2.670290231704712
239 2.6630682945251465
240 2.3577282428741455
241 2.515211343765259
242 2.3076634407043457
243 2.4822630882263184
244 2.326864242553711
245 2.5040698051452637
246 2.426987886428833
247 2.0644147396087646
248 3.3980066776275635
249 3.0239760875701904
250 2.708751678466797
251 2.4225196838378906
252 2.9001657962799072
253 2.5806174278259277
254 2.6785264015197754
255 2.3918142318725586
256 2.5298714637756348
257 2.834744930267334
258 2.6491892337799072
259 2.6511940956115723
260 2.593032121658325
261 2.616786003112793
262 2.6637916564941406
263 1.9151378870010376
264 2.4540388584136963
265 2.7243337631225586
266 2.627464771270752
267 2.910308599472046
268 2.875453233718872
269 2.172396659851074
270 2.766117572784424
271 2.3866264820098877
272 2.6052072048187256
273 2.250869035720825
274 2.750534772872925
275 2.5712931156158447
276 2.649820566177368
277 2.5632734298706055
278 2.4133567810058594
279 2.597654342651367
280 2.0421152114868164
281 2.3022122383117676
282 2.6763954162597656
283 2.082174062728882
284 2.3170506954193115
285 2.4300665855407715
286 1.982686161994934
287 2.100545883178711
288 2.88092041015625
289 2.455846071243286
290 2.163637161254883
291 2.4615612030029297
292 2.352886438369751
293 2.671323299407959
294 2.647602081298828
295 2.213542938232422
296 2.5420892238616943
297 2.1240127086639404
298 2.519083023071289
299 2.360739231109619
300 2.5036497116088867
301 2.277189254760742
302 2.4185187816619873
303 3.424983501434326
304 2.606821060180664
305 2.2373244762420654
306 2.384728193283081
307 2.7748959064483643
308 3.1408326625823975
309 2.407994508743286
310 2.209749698638916
311 2.4079270362854004
312 2.5743048191070557
313 2.6072909832000732
314 2.488161563873291
315 2.317584753036499
316 2.3511061668395996
317 2.1041173934936523
318 2.4750325679779053
319 2.075185775756836
320 2.0690455436706543
321 2.4726877212524414
322 2.479329824447632
323 2.199862480163574
324 2.802241802215576
325 2.517944812774658
326 2.454728126525879
327 2.709444999694824
328 2.367837429046631
329 2.5092358589172363
330 2.0572476387023926
331 2.191499710083008
332 2.241445541381836
333 2.28102707862854
334 2.500807285308838
335 2.5615222454071045
336 2.5348572731018066
337 3.0342018604278564
338 2.170367956161499
339 2.9017460346221924
340 2.5354859828948975
341 2.5247721672058105
342 2.4029269218444824
343 2.3952889442443848
344 2.0948946475982666
345 2.360468864440918
346 2.404794692993164
347 2.262258529663086
348 2.438260555267334
349 2.4215753078460693
350 2.252897024154663
351 2.2083048820495605
352 2.096332311630249
353 2.874223232269287
354 2.3204405307769775
355 2.315114736557007
356 2.5926296710968018
357 2.2841970920562744
358 2.2159616947174072
359 2.608948230743408
360 2.493192195892334
361 2.6293022632598877
362 2.5545549392700195
363 2.1738834381103516
364 2.5544216632843018
365 1.9968959093093872
366 2.2820348739624023
367 2.3758974075317383
368 2.7645516395568848
369 2.454612970352173
370 2.4463181495666504
371 2.74633526802063
372 2.2823948860168457
373 2.573951244354248
374 2.1803290843963623
375 2.6587743759155273
376 1.9712153673171997
377 2.1311681270599365
378 2.445988655090332
379 2.288229465484619
380 2.22306227684021
381 2.3990437984466553
382 2.655878782272339
383 2.6240530014038086
384 2.3502399921417236
385 2.3492512702941895
386 2.5200822353363037
387 2.6930863857269287
388 2.4134018421173096
389 2.3224844932556152
390 2.507503032684326
391 2.4331352710723877
392 2.4137916564941406
393 2.352688789367676
394 2.3069918155670166
395 2.823732852935791
396 2.1439874172210693
397 2.3316972255706787
398 2.3794713020324707
399 2.073216438293457
400 2.0061678886413574
401 1.8795944452285767
402 2.238499402999878
403 2.168520450592041
404 2.2774336338043213
405 2.6739447116851807
406 2.286374568939209
407 2.5888428688049316
408 2.058972120285034
409 2.8744990825653076
410 2.270055055618286
411 2.160508155822754
412 2.255937337875366
413 2.4920241832733154
414 2.4264016151428223
415 2.444788694381714
416 2.0759501457214355
417 2.158385992050171
418 2.4901859760284424
419 2.299407958984375
420 2.1060211658477783
421 2.3574047088623047
422 2.212830066680908
423 2.2874794006347656
424 1.737638235092163
425 2.3861160278320312
426 2.3193585872650146
427 2.4275565147399902
428 2.2332723140716553
429 2.2466721534729004
430 2.06607985496521
431 2.6341469287872314
432 1.9633592367172241
433 1.972923994064331
434 2.322855234146118
435 2.501518964767456
436 2.042541742324829
437 1.990213394165039
438 2.411999464035034
439 2.3883707523345947
440 2.0039162635803223
441 2.1861720085144043
442 2.325864553451538
443 1.7543540000915527
444 2.586885929107666
445 1.8803657293319702
446 2.3699607849121094
447 2.267551898956299
448 2.1101455688476562
449 2.402064800262451
450 2.024749279022217
451 2.1377367973327637
452 2.089876890182495
453 2.059520959854126
454 2.272977352142334
455 2.0643341541290283
456 2.2276723384857178
457 2.2883787155151367
458 1.9213589429855347
459 2.23862624168396
460 2.3198416233062744
461 2.287123203277588
462 2.143510580062866
463 1.9122992753982544
464 1.8331961631774902
465 2.276149272918701
466 2.3441457748413086
467 2.082616090774536
468 2.225614547729492
469 2.325611114501953
470 1.9650187492370605
471 1.8993734121322632
472 2.249451160430908
473 2.022996425628662
474 2.2997007369995117
475 1.8826007843017578
476 2.3360936641693115
477 1.9116120338439941
478 2.358675003051758
479 2.998187303543091
480 2.3640317916870117
481 2.2654685974121094
482 2.2853941917419434
483 2.2133162021636963
484 2.2542724609375
485 2.4685628414154053
486 2.2855658531188965
487 2.5204408168792725
488 2.035010814666748
489 2.0549638271331787
490 2.2625648975372314
491 5.190084934234619
492 2.7782015800476074
493 2.1602530479431152
494 2.27424955368042
495 2.359842300415039
496 2.573284149169922
497 2.324918031692505
498 2.126223087310791
499 2.076634168624878
500 2.0540804862976074
501 2.1410818099975586
502 2.7896554470062256
503 2.185422658920288
504 2.5741047859191895
505 2.250518321990967
506 2.318955183029175
507 2.4303877353668213
508 2.4444496631622314
509 2.385939836502075
510 2.0051612854003906
511 2.3594510555267334
512 2.254041910171509
513 2.310143232345581
514 2.5135371685028076
515 2.2091307640075684
516 2.1270506381988525
517 2.1791608333587646
518 2.0158023834228516
519 2.498558521270752
520 2.153140068054199
521 2.366159677505493
522 2.281221628189087
523 2.2047085762023926
524 1.7647976875305176
525 2.722136974334717
526 2.3261451721191406
527 2.206087112426758
528 2.5854403972625732
529 2.2741503715515137
530 2.3078739643096924
531 2.4062721729278564
532 2.0132477283477783
533 2.4897518157958984
534 3.893239736557007
535 2.4979195594787598
536 2.3168423175811768
537 2.392186403274536
538 2.4553210735321045
539 2.080681562423706
540 2.244008779525757
541 2.2344918251037598
542 1.720496416091919
543 2.1729068756103516
544 2.068099021911621
545 2.299921751022339
546 2.1013851165771484
547 2.4299304485321045
548 2.3947179317474365
549 1.9898687601089478
550 2.363585948944092
551 1.8965141773223877
552 2.2737298011779785
553 2.0101990699768066
554 2.081073045730591
555 2.163761854171753
556 2.128038167953491
557 2.0321059226989746
558 2.2428548336029053
559 2.363536834716797
560 1.9972082376480103
561 1.841725468635559
562 1.988037347793579
563 2.2864251136779785
564 2.1086790561676025
565 2.1472573280334473
566 2.126131057739258
567 2.2472164630889893
568 2.4458255767822266
569 2.143350839614868
570 2.503710985183716
571 2.4327001571655273
572 2.5582993030548096
573 2.3211753368377686
574 2.3381495475769043
575 2.1093783378601074
576 2.0343129634857178
577 2.213895797729492
578 2.264709711074829
579 1.958785057067871
580 1.9325298070907593
581 2.2531559467315674
582 2.432901620864868
583 2.439610004425049
584 2.2110109329223633
585 2.370037317276001
586 1.8444714546203613
587 2.1052730083465576
588 2.018082618713379
589 1.9182931184768677
590 2.0811779499053955
591 2.301931381225586
592 1.916551947593689
593 2.5141000747680664
594 2.162419319152832
595 2.6824052333831787
596 2.048436164855957
597 1.878841519355774
598 1.9343024492263794
599 2.1754629611968994
600 2.3160641193389893
601 1.9392496347427368
602 2.1823291778564453
603 2.692133903503418
604 3.674321413040161
605 2.9201507568359375
606 1.7883410453796387
607 2.0182344913482666
608 1.7712481021881104
609 2.376565456390381
610 2.4847517013549805
611 2.0668540000915527
612 2.1888723373413086
613 2.279893636703491
614 1.7313193082809448
615 2.3030316829681396
616 2.289891481399536
617 2.0979297161102295
618 3.1049294471740723
619 2.199348211288452
620 2.4120545387268066
621 2.054717540740967
622 2.1074953079223633
623 2.27644944190979
624 2.1993110179901123
625 2.1668496131896973
626 1.8640631437301636
627 2.1835384368896484
628 2.10611629486084
629 2.366790294647217
630 2.417146682739258
631 2.1629927158355713
632 2.278085947036743
633 2.0437850952148438
634 2.424210786819458
635 2.0354998111724854
636 2.0633087158203125
637 2.298227548599243
638 2.186619758605957
639 2.2524569034576416
640 2.2767205238342285
641 1.8026628494262695
642 2.275491952896118
643 1.9131468534469604
644 2.525120735168457
645 2.317355155944824
646 2.636809825897217
647 1.7823394536972046
648 1.881500005722046
649 1.9816243648529053
650 2.374009847640991
651 1.6880505084991455
652 2.58392333984375
653 2.138007640838623
654 2.173825263977051
655 2.09755539894104
656 2.358532667160034
657 2.0924086570739746
658 2.314512252807617
659 2.1936287879943848
660 2.371483087539673
661 2.318742513656616
662 2.0748989582061768
663 2.204019546508789
664 2.2115116119384766
665 2.403223752975464
666 2.134890079498291
667 2.165090799331665
668 1.7641462087631226
669 2.18042254447937
670 2.157517671585083
671 2.2310564517974854
672 2.1704306602478027
673 2.350407361984253
674 2.2573091983795166
675 2.3671348094940186
676 2.0144121646881104
677 1.9984952211380005
678 2.3483684062957764
679 1.925284743309021
680 2.3019866943359375
681 1.8650810718536377
682 2.2436249256134033
683 2.2252821922302246
684 1.795050024986267
685 2.134305715560913
686 2.1452813148498535
687 1.9955644607543945
688 2.1800343990325928
689 2.167372465133667
690 2.07730770111084
691 1.9017059803009033
692 2.002534866333008
693 2.3428704738616943
694 2.0718421936035156
695 2.421931028366089
696 2.0963263511657715
697 1.9348835945129395
698 2.353985548019409
699 2.012261390686035
700 2.1259617805480957
701 1.868717074394226
702 2.207285165786743
703 2.050915002822876
704 2.10699200630188
705 2.298293113708496
706 1.7412561178207397
707 2.3411200046539307
708 2.62286639213562
709 2.1946563720703125
710 2.182781934738159
711 1.909899115562439
712 2.34311580657959
713 1.8166956901550293
714 2.479931116104126
715 1.9005757570266724
716 2.1526167392730713
717 2.315945625305176
718 1.8416379690170288
719 2.2119171619415283
720 1.8831921815872192
721 2.2735159397125244
722 2.147686243057251
723 1.9301122426986694
724 1.7249215841293335
725 2.6274077892303467
726 1.7570973634719849
727 2.321871042251587
728 1.8213595151901245
729 2.062009572982788
730 2.129411220550537
731 2.1935276985168457
732 2.2647857666015625
733 2.0529229640960693
734 1.9804668426513672
735 2.120279312133789
736 2.253152370452881
737 2.0972461700439453
738 1.954147219657898
739 1.8105109930038452
740 1.9272055625915527
741 1.908706784248352
742 2.110851526260376
743 1.9718819856643677
744 1.939832091331482
745 1.9046521186828613
746 1.9645916223526
747 2.011855363845825
748 2.1913678646087646
749 2.3743953704833984
750 2.1495413780212402
751 1.7965784072875977
752 2.19317364692688
753 1.8880796432495117
754 2.145188093185425
755 1.8136448860168457
756 2.067474603652954
757 2.3871841430664062
758 2.646368980407715
759 2.654952049255371
760 2.0133845806121826
761 1.9014263153076172
762 2.165438413619995
763 2.2396230697631836
764 1.7542214393615723
765 2.2422492504119873
766 1.8258336782455444
767 2.051943302154541
768 1.9253311157226562
769 2.385986328125
770 2.3191583156585693
771 2.0186448097229004
772 1.9736799001693726
773 2.0444998741149902
774 2.0064215660095215
775 2.2061591148376465
776 2.124875783920288
777 2.105367422103882
778 2.0685157775878906
779 2.0594570636749268
780 1.9860082864761353
781 1.7917882204055786
782 1.6825344562530518
783 2.044792890548706
784 1.9404278993606567
785 2.3164706230163574
786 1.96504545211792
787 1.8594822883605957
788 1.8416249752044678
789 2.0611422061920166
790 2.1149539947509766
791 1.9685462713241577
792 2.3967931270599365
793 1.8798013925552368
794 2.0611536502838135
795 2.0102367401123047
796 1.8908275365829468
797 2.0180742740631104
798 1.944696307182312
799 2.0477826595306396
800 2.2948758602142334
801 1.6128965616226196
802 2.6264989376068115
803 1.9648239612579346
804 1.7070578336715698
805 1.9981026649475098
806 1.9479832649230957
807 2.1058692932128906
808 2.1526355743408203
809 2.027731418609619
810 2.515180826187134
811 1.7706611156463623
812 2.140786647796631
813 2.3973522186279297
814 2.523758888244629
815 1.6910685300827026
816 1.937854290008545
817 2.215306282043457
818 1.8504852056503296
819 2.1959128379821777
820 2.234496593475342
821 2.3859522342681885
822 2.021287202835083
823 2.2548446655273438
824 1.9112707376480103
825 2.152348518371582
826 2.2946605682373047
827 2.2744266986846924
828 1.959854245185852
829 1.9020973443984985
830 2.2676641941070557
831 2.267819404602051
832 1.9570069313049316
833 2.160095453262329
834 1.5908669233322144
835 1.9558051824569702
836 2.038745880126953
837 2.0125198364257812
838 1.876924991607666
839 2.1452157497406006
840 2.0547397136688232
841 2.0611469745635986
842 1.9376088380813599
843 2.078993797302246
844 2.5589687824249268
845 1.8253930807113647
846 1.9877755641937256
847 1.7964764833450317
848 2.550398349761963
849 2.3909051418304443
850 2.0730011463165283
851 2.00274920463562
852 1.7253676652908325
853 2.4859185218811035
854 2.1082942485809326
855 2.05147647857666
856 1.7106026411056519
857 1.9686964750289917
858 2.657125949859619
859 2.071366310119629
860 2.0391793251037598
861 2.1872477531433105
862 2.487039089202881
863 2.2948451042175293
864 2.2236788272857666
865 2.120206832885742
866 2.0810980796813965
867 1.8208894729614258
868 1.927234411239624
869 1.8279719352722168
870 2.0622756481170654
871 1.9404523372650146
872 2.0452592372894287
873 1.914414644241333
874 2.084888458251953
875 1.9583879709243774
876 2.307771682739258
877 2.0324206352233887
878 1.8040680885314941
879 2.097105026245117
880 2.5216922760009766
881 1.9378715753555298
882 1.8746649026870728
883 2.1097397804260254
884 1.8515781164169312
885 1.9666355848312378
886 1.8950204849243164
887 2.0624008178710938
888 1.7885966300964355
889 2.2098333835601807
890 1.7892961502075195
891 2.069483757019043
892 1.9911280870437622
893 2.255542039871216
894 2.1254262924194336
895 2.0145604610443115
896 1.7706298828125
897 2.036391258239746
898 1.6770715713500977
899 2.030285596847534
900 1.9259058237075806
901 1.7941868305206299
902 2.259233236312866
903 1.7692726850509644
904 1.9192051887512207
905 2.27498197555542
906 2.012484073638916
907 2.300926685333252
908 1.889771819114685
909 1.9374762773513794
910 2.0404374599456787
911 2.0002667903900146
912 2.1391422748565674
913 2.031514883041382
914 1.8651223182678223
915 2.0684123039245605
916 1.8627914190292358
917 1.9341031312942505
918 2.4581234455108643
919 2.2644340991973877
920 2.081833600997925
921 1.9159187078475952
922 2.4301815032958984
923 1.6705105304718018
924 1.9882220029830933
925 2.4992125034332275
926 2.1096291542053223
927 2.29133939743042
928 2.087064027786255
929 2.5385777950286865
930 1.9114649295806885
931 2.2420337200164795
932 1.716477870941162
933 1.956441044807434
934 1.9824140071868896
935 2.0361740589141846
936 2.155174493789673
937 1.8359763622283936
938 2.235593557357788
939 2.4125945568084717
940 2.1877126693725586
941 2.046625852584839
942 2.139442205429077
943 2.266141653060913
944 1.8210868835449219
945 2.5950534343719482
946 1.9164153337478638
947 2.3234164714813232
948 2.1542716026306152
949 2.0697436332702637
950 2.025986671447754
951 2.334444999694824
952 2.19821834564209
953 2.2393147945404053
954 2.081941604614258
955 1.703291654586792
956 2.2058403491973877
957 2.216285228729248
958 2.1077725887298584
959 2.08565092086792
960 1.8018147945404053
961 2.117419481277466
962 2.2798519134521484
963 2.0023868083953857
964 2.0561985969543457
965 2.267916440963745
966 2.1072845458984375
967 2.147625684738159
968 2.185861587524414
969 1.6848750114440918
970 2.0106303691864014
971 1.9926079511642456
972 1.8873547315597534
973 2.1682679653167725
974 1.978218674659729
975 1.938320517539978
976 2.2086238861083984
977 1.6804364919662476
978 2.036121129989624
979 1.8964729309082031
980 1.9184011220932007
981 1.9799866676330566
982 1.5223137140274048
983 1.8011548519134521
984 2.032219409942627
985 1.9491140842437744
986 1.787917971611023
987 2.51509165763855
988 1.9286671876907349
989 1.8331605195999146
990 2.1111795902252197
991 2.469899892807007
992 2.0484652519226074
993 2.2512753009796143
994 1.8536481857299805
995 2.0857858657836914
996 1.9407966136932373
997 1.7950364351272583
998 1.6625566482543945
999 1.9897804260253906
1000 1.9946627616882324
1001 1.8162503242492676
1002 1.598503828048706
1003 1.8250919580459595
1004 1.7932347059249878
1005 2.60577130317688
1006 2.3518097400665283
1007 2.1361496448516846
1008 1.9544785022735596
1009 1.729810118675232
1010 1.9001169204711914
1011 1.787351369857788
1012 3.114445209503174
1013 1.863039255142212
1014 3.5001890659332275
1015 1.8668348789215088
1016 3.2573182582855225
1017 2.006993055343628
1018 1.9320745468139648
1019 1.9001868963241577
1020 2.060270309448242
1021 1.984964370727539
1022 2.537374496459961
1023 1.969635248184204
1024 1.9143670797348022
1025 1.6913204193115234
1026 2.3891830444335938
1027 1.8100957870483398
1028 2.1349496841430664
1029 2.3191466331481934
1030 2.016498565673828
1031 2.1028928756713867
1032 1.8664604425430298
1033 2.0984179973602295
1034 2.07059645652771
1035 2.0851263999938965
1036 2.1124494075775146
1037 2.0400071144104004
1038 1.9263945817947388
1039 2.106689453125
1040 2.21732234954834
1041 2.1567792892456055
1042 2.017808198928833
1043 2.236826181411743
1044 2.062094211578369
1045 1.9539377689361572
1046 2.2667062282562256
1047 2.212805986404419
1048 2.051295280456543
1049 1.9638397693634033
1050 1.8830986022949219
1051 1.866890549659729
1052 2.149062395095825
1053 1.7035475969314575
1054 2.094520092010498
1055 1.937966227531433
1056 2.0822908878326416
1057 1.8447779417037964
1058 2.0494320392608643
1059 1.7787904739379883
1060 1.9507778882980347
1061 2.0326855182647705
1062 1.8957794904708862
1063 2.175832509994507
1064 1.8483436107635498
1065 1.6686301231384277
1066 1.9899933338165283
1067 1.7227919101715088
1068 1.8689298629760742
1069 1.9696351289749146
1070 1.7581862211227417
1071 2.1149840354919434
1072 2.105010509490967
1073 2.0578248500823975
1074 1.8981194496154785
1075 2.100043535232544
1076 2.199843406677246
1077 2.047560453414917
1078 1.9407825469970703
1079 1.9033095836639404
1080 2.0407333374023438
1081 1.9203922748565674
1082 2.313173770904541
1083 1.8102107048034668
1084 2.2078750133514404
1085 1.7621346712112427
1086 1.845698595046997
1087 1.9444228410720825
1088 2.39119815826416
1089 1.9440155029296875
1090 2.062061071395874
1091 1.8291696310043335
1092 2.3412115573883057
1093 2.034529447555542
1094 2.060856580734253
1095 2.09389066696167
1096 2.0859949588775635
1097 1.849082589149475
1098 1.8846523761749268
1099 2.110771656036377
1100 1.8792028427124023
1101 2.3735907077789307
1102 2.0808143615722656
1103 2.0016565322875977
1104 1.696651577949524
1105 1.968187928199768
1106 1.9256463050842285
1107 1.89647376537323
1108 2.0568697452545166
1109 1.8295620679855347
1110 2.00004243850708
1111 1.967421054840088
1112 2.065103530883789
1113 2.0643093585968018
1114 2.119128942489624
1115 1.7434442043304443
1116 1.8029861450195312
1117 1.8314732313156128
1118 1.7856454849243164
1119 2.0830495357513428
1120 1.6965590715408325
1121 2.006397247314453
1122 1.7947015762329102
1123 1.79159677028656
1124 2.2176742553710938
1125 1.9631704092025757
1126 1.802276849746704
1127 2.001941680908203
1128 2.509951114654541
1129 1.6902307271957397
1130 1.9762052297592163
1131 1.655969262123108
1132 1.8823857307434082
1133 2.1174204349517822
1134 1.716929316520691
1135 1.7834919691085815
1136 2.450758457183838
1137 2.061401605606079
1138 2.221311569213867
1139 2.0036191940307617
1140 1.9317870140075684
1141 2.157531976699829
1142 2.03755784034729
1143 2.2037200927734375
1144 1.8037160634994507
1145 2.203141450881958
1146 1.8543384075164795
1147 1.922831654548645
1148 2.1435601711273193
1149 1.7912325859069824
1150 3.311595916748047
1151 1.8582803010940552
1152 2.1307976245880127
1153 2.0170962810516357
1154 2.0159363746643066
1155 1.8308613300323486
1156 2.1409714221954346
1157 2.1395184993743896
1158 2.1305627822875977
1159 2.2804200649261475
1160 1.9687646627426147
1161 1.7425098419189453
1162 1.931154727935791
1163 1.9937855005264282
1164 1.8498756885528564
1165 1.8314744234085083
1166 2.017765522003174
1167 2.019484758377075
1168 1.5860484838485718
1169 1.9716928005218506
1170 1.9374752044677734
1171 2.146538019180298
1172 1.8562754392623901
1173 1.894288420677185
1174 2.0213711261749268
1175 1.9425891637802124
1176 1.8408340215682983
1177 2.1124298572540283
1178 1.9808628559112549
1179 2.2325241565704346
1180 1.9744662046432495
1181 2.3190886974334717
1182 2.024838447570801
1183 1.721657156944275
1184 1.6529899835586548
1185 2.3173046112060547
1186 2.0011672973632812
1187 1.9513204097747803
1188 1.82046377658844
1189 1.9350262880325317
1190 2.3839893341064453
1191 1.8761515617370605
1192 2.073948621749878
1193 2.134657621383667
1194 1.8957403898239136
1195 2.067805767059326
1196 1.8797510862350464
1197 1.8175126314163208
1198 1.6738147735595703
1199 1.8867839574813843
1200 2.019639492034912
1201 2.4769184589385986
1202 2.0465056896209717
1203 2.0242226123809814
1204 1.818442702293396
1205 2.008241653442383
1206 1.9364417791366577
1207 2.022618532180786
1208 2.173785448074341
1209 1.7842700481414795
1210 1.9544545412063599
1211 1.9645122289657593
1212 1.8589272499084473
1213 1.8689899444580078
1214 2.002953290939331
1215 2.0361053943634033
1216 1.9282282590866089
1217 2.264643669128418
1218 1.851731777191162
1219 2.114213705062866
1220 1.8699406385421753
1221 2.297544002532959
1222 1.7906696796417236
1223 1.8713654279708862
1224 1.7711098194122314
1225 1.8121944665908813
1226 1.6699894666671753
1227 1.8861991167068481
1228 2.460383415222168
1229 1.5571866035461426
1230 1.9030307531356812
1231 2.1086549758911133
1232 1.8094291687011719
1233 2.266373872756958
1234 1.9793039560317993
1235 2.100985050201416
1236 1.4723267555236816
1237 2.070103168487549
1238 1.7297523021697998
1239 2.12500262260437
1240 2.004882574081421
1241 1.9981690645217896
1242 1.8156031370162964
1243 2.080307960510254
1244 2.375702142715454
1245 1.916582703590393
1246 1.9992239475250244
1247 2.167112350463867
1248 2.0256974697113037
1249 2.3557937145233154
1250 1.963588833808899
1251 2.0212347507476807
1252 1.8810957670211792
1253 1.9533733129501343
1254 1.909535527229309
1255 1.8825325965881348
1256 1.90171480178833
1257 1.7857517004013062
1258 1.8577203750610352
1259 1.9556958675384521
1260 1.8278053998947144
1261 2.472904920578003
1262 1.9564176797866821
1263 1.908298373222351
1264 1.76438570022583
1265 1.9689260721206665
1266 1.9232838153839111
1267 2.3511855602264404
1268 2.16225266456604
1269 2.62485933303833
1270 1.784096598625183
1271 1.8824172019958496
1272 1.913512110710144
1273 2.0314371585845947
1274 2.0727052688598633
1275 1.9635568857192993
1276 1.8870042562484741
1277 1.9374549388885498
1278 1.9423179626464844
1279 2.110947847366333
1280 1.757527232170105
1281 1.9492347240447998
1282 1.7324588298797607
1283 1.8537365198135376
1284 1.9323196411132812
1285 2.3293824195861816
1286 2.3221237659454346
1287 2.1596550941467285
1288 2.0575363636016846
1289 1.8100669384002686
1290 1.9084053039550781
1291 1.8559786081314087
1292 1.7541567087173462
1293 1.8233613967895508
1294 1.9369664192199707
1295 1.993221402168274
1296 1.9511618614196777
1297 1.9421918392181396
1298 2.0520005226135254
1299 2.2493770122528076
1300 1.9400495290756226
1301 1.9835823774337769
1302 1.6355384588241577
1303 2.0552408695220947
1304 1.9474269151687622
1305 1.803080677986145
1306 1.5719188451766968
1307 1.7090336084365845
1308 2.3034934997558594
1309 2.1137592792510986
1310 1.818908929824829
1311 1.716339111328125
1312 1.818597435951233
1313 1.6747467517852783
1314 1.779122233390808
1315 1.8475618362426758
1316 2.003161668777466
1317 2.0472521781921387
1318 1.9102165699005127
1319 2.482696056365967
1320 1.8721108436584473
1321 2.3099119663238525
1322 2.0397744178771973
1323 1.8046168088912964
1324 1.8369741439819336
1325 2.0155673027038574
1326 1.92592453956604
1327 2.3422465324401855
1328 1.7278248071670532
1329 1.9111846685409546
1330 1.8051694631576538
1331 1.8649132251739502
1332 2.155590534210205
1333 2.515883207321167
1334 2.0894203186035156
1335 1.8355916738510132
1336 1.8770989179611206
1337 1.6945828199386597
1338 2.574650526046753
1339 2.1649069786071777
1340 2.251060724258423
1341 2.106260299682617
1342 1.7973049879074097
1343 2.1516220569610596
1344 1.935706615447998
1345 1.7767548561096191
1346 1.9825721979141235
1347 2.0187132358551025
1348 1.664158582687378
1349 2.067223072052002
1350 2.169335126876831
1351 2.417473793029785
1352 1.5953541994094849
1353 2.0590717792510986
1354 1.8912971019744873
1355 2.2524352073669434
1356 1.9803916215896606
1357 1.8415640592575073
1358 2.0734238624572754
1359 1.5182483196258545
1360 1.7767536640167236
1361 2.1848952770233154
1362 1.6117554903030396
1363 1.918506383895874
1364 1.6063607931137085
1365 2.0512521266937256
1366 1.7941608428955078
1367 1.9720302820205688
1368 1.9098777770996094
1369 2.1147608757019043
1370 1.9289472103118896
1371 2.0959904193878174
1372 2.1569461822509766
1373 1.7361568212509155
1374 1.9908109903335571
1375 1.7891157865524292
1376 1.931571125984192
1377 1.9676357507705688
1378 1.9967557191848755
1379 2.0242199897766113
1380 2.0996811389923096
1381 1.5831626653671265
1382 1.6862821578979492
1383 1.665536880493164
1384 1.7142901420593262
1385 2.1603446006774902
1386 1.7722136974334717
1387 2.2226788997650146
1388 2.02785587310791
1389 1.8500795364379883
1390 2.47926664352417
1391 1.9041416645050049
1392 1.9584800004959106
1393 1.730902910232544
1394 2.48918080329895
1395 1.7220847606658936
1396 1.959608554840088
1397 1.8175690174102783
1398 1.7180100679397583
1399 2.1232376098632812
1400 1.8315167427062988
1401 1.7381583452224731
1402 1.8748058080673218
1403 1.910054087638855
1404 2.0166590213775635
1405 2.039547920227051
1406 1.6571128368377686
1407 1.7758216857910156
1408 1.9915354251861572
1409 1.8423266410827637
1410 2.1530473232269287
1411 1.982089877128601
1412 1.9754579067230225
1413 2.0226831436157227
1414 2.2740986347198486
1415 2.2724292278289795
1416 1.7576115131378174
1417 2.1549508571624756
1418 1.7321476936340332
1419 2.013062000274658
1420 1.7620857954025269
1421 1.8494161367416382
1422 1.8931357860565186
1423 1.9498379230499268
1424 1.8153866529464722
1425 1.969883680343628
1426 1.983575463294983
1427 1.8982000350952148
1428 2.052006721496582
1429 2.0361766815185547
1430 1.4269155263900757
1431 2.360203266143799
1432 2.0050082206726074
1433 2.1250154972076416
1434 2.049764633178711
1435 1.8141984939575195
1436 1.8085007667541504
1437 2.3175532817840576
1438 1.8654762506484985
1439 2.0474445819854736
1440 1.783638596534729
1441 1.9039465188980103
1442 1.776877760887146
1443 1.9062895774841309
1444 2.0999722480773926
1445 2.1663870811462402
1446 2.295389175415039
1447 1.821407675743103
1448 1.9530524015426636
1449 1.9879776239395142
1450 2.078855037689209
1451 2.006880760192871
1452 2.007905960083008
1453 1.732532262802124
1454 2.1344218254089355
1455 1.7247737646102905
1456 2.111184597015381
1457 2.1670150756835938
1458 2.006535530090332
1459 1.9211267232894897
1460 2.05802583694458
1461 1.9358854293823242
1462 1.7389819622039795
1463 1.9294662475585938
1464 2.2416188716888428
1465 1.8895992040634155
1466 1.948388934135437
1467 1.9076932668685913
1468 2.109300374984741
1469 1.8417176008224487
1470 1.9296367168426514
1471 2.237501859664917
1472 1.895052433013916
1473 2.0115115642547607
1474 1.9479752779006958
1475 1.8150067329406738
1476 2.1390364170074463
1477 1.845664620399475
1478 2.045762062072754
1479 1.7885470390319824
1480 2.193768262863159
1481 1.916060447692871
1482 2.2278547286987305
1483 1.7776464223861694
1484 2.0251762866973877
1485 2.495856761932373
1486 1.9045754671096802
1487 2.089205503463745
1488 1.843251347541809
1489 1.5795408487319946
1490 1.767650842666626
1491 2.041005849838257
1492 1.9009507894515991
1493 2.1081559658050537
1494 1.883824348449707
1495 1.6773402690887451
1496 2.174715757369995
1497 1.9689879417419434
1498 2.274498224258423
1499 2.501703977584839
1500 1.850407361984253
1501 2.1829476356506348
1502 1.606283187866211
1503 1.8155438899993896
1504 1.722591757774353
1505 1.703367829322815
1506 1.9318102598190308
1507 1.9844386577606201
1508 1.9743088483810425
1509 1.8724408149719238
1510 1.8503708839416504
1511 2.018497943878174
1512 2.0543007850646973
1513 1.7087022066116333
1514 1.9114428758621216
1515 1.9747151136398315
1516 1.9352376461029053
1517 1.7947134971618652
1518 1.802540898323059
1519 1.9154536724090576
1520 1.976101040840149
1521 1.7118698358535767
1522 2.1362171173095703
1523 1.810563087463379
1524 1.7400275468826294
1525 1.7295283079147339
1526 1.9763723611831665
1527 1.8505078554153442
1528 1.7067824602127075
1529 2.019627809524536
1530 1.967612624168396
1531 1.9364856481552124
1532 2.198251724243164
1533 1.8663345575332642
1534 1.9564995765686035
1535 1.944657325744629
1536 1.7524646520614624
1537 2.124760150909424
1538 1.9004195928573608
1539 1.496715784072876
1540 2.1132850646972656
1541 2.2362213134765625
1542 2.0404958724975586
1543 1.6470768451690674
1544 2.007868528366089
1545 1.6560192108154297
1546 1.9050747156143188
1547 2.113877296447754
1548 2.0597081184387207
1549 2.3279266357421875
1550 1.8245489597320557
1551 2.198042631149292
1552 1.7361799478530884
1553 1.821789026260376
1554 1.6945041418075562
1555 1.7946538925170898
1556 1.7467373609542847
1557 2.014463186264038
1558 1.6787025928497314
1559 1.7367234230041504
1560 1.9304367303848267
1561 1.8522337675094604
1562 1.6435438394546509
1563 1.9286638498306274
1564 1.6453505754470825
1565 2.0009312629699707
1566 1.8401269912719727
1567 2.193169355392456
1568 2.0498645305633545
1569 1.9070290327072144
1570 2.5750441551208496
1571 2.206859588623047
1572 1.9841705560684204
1573 1.7696442604064941
1574 2.22006893157959
1575 1.9902433156967163
1576 1.9104481935501099
1577 1.8257241249084473
1578 2.070298910140991
1579 1.7012685537338257
1580 1.557580828666687
1581 2.0816879272460938
1582 1.6926311254501343
1583 2.3908329010009766
1584 2.0051214694976807
1585 1.7851983308792114
1586 2.18306565284729
1587 1.8545546531677246
1588 1.791403889656067
1589 1.9514771699905396
1590 1.9885591268539429
1591 1.6740058660507202
1592 1.8768013715744019
1593 1.8418489694595337
1594 2.4048397541046143
1595 1.8771052360534668
1596 2.001899003982544
1597 2.008636713027954
1598 1.9485288858413696
1599 2.4933674335479736
1600 2.118981122970581
1601 2.000519037246704
1602 1.7248505353927612
1603 1.7220779657363892
1604 1.8736474514007568
1605 2.120648145675659
1606 1.965117335319519
1607 2.0096940994262695
1608 1.8938095569610596
1609 1.7765328884124756
1610 2.045090913772583
1611 1.9534684419631958
1612 1.4644863605499268
1613 2.216618537902832
1614 2.0010225772857666
1615 2.048034429550171
1616 1.875184178352356
1617 1.8531100749969482
1618 2.086275339126587
1619 2.061511278152466
1620 2.265270233154297
1621 2.0320236682891846
1622 1.6913090944290161
1623 2.0625555515289307
1624 1.845937967300415
1625 1.9300928115844727
1626 2.072838068008423
1627 1.7109357118606567
1628 1.6910440921783447
1629 2.000614643096924
1630 1.5535200834274292
1631 1.9944987297058105
1632 1.915777325630188
1633 1.6162877082824707
1634 2.409080743789673
1635 1.744472622871399
1636 1.8265498876571655
1637 1.6793818473815918
1638 2.0457420349121094
1639 1.7789490222930908
1640 1.7725789546966553
1641 1.8696483373641968
1642 1.4970241785049438
1643 1.696771264076233
1644 1.8680663108825684
1645 1.8442761898040771
1646 2.1438629627227783
1647 1.9911277294158936
1648 1.8585658073425293
1649 2.442920684814453
1650 1.9935663938522339
1651 1.6311455965042114
1652 1.9121192693710327
1653 1.803149938583374
1654 1.7853823900222778
1655 1.6413565874099731
1656 1.9003300666809082
1657 2.0385963916778564
1658 1.783212661743164
1659 2.01493763923645
1660 1.8125290870666504
1661 2.0762319564819336
1662 1.6871650218963623
1663 2.1087167263031006
1664 2.303373336791992
1665 1.6693609952926636
1666 1.887557864189148
1667 1.8403573036193848
1668 1.8083906173706055
1669 1.8890810012817383
1670 2.21921443939209
1671 1.9547702074050903
1672 1.953706979751587
1673 1.9182478189468384
1674 1.8071106672286987
1675 1.8542869091033936
1676 1.9536221027374268
1677 1.7044135332107544
1678 1.6308351755142212
1679 2.0603411197662354
1680 1.9406806230545044
1681 2.0528295040130615
1682 2.0432960987091064
1683 1.714883804321289
1684 2.0155584812164307
1685 1.9395490884780884
1686 1.8066627979278564
1687 1.771479606628418
1688 1.7382429838180542
1689 1.9568452835083008
1690 1.9491794109344482
1691 1.7763115167617798
1692 1.5779426097869873
1693 1.597015142440796
1694 1.9651806354522705
1695 1.6903382539749146
1696 1.682612657546997
1697 1.7449376583099365
1698 2.3977813720703125
1699 1.9352315664291382
1700 2.0588245391845703
1701 1.8020087480545044
1702 1.867601990699768
1703 2.010303258895874
1704 1.7349255084991455
1705 1.6853324174880981
1706 2.0764529705047607
1707 1.7063206434249878
1708 1.7925554513931274
1709 2.04526686668396
1710 1.8623073101043701
1711 2.4495108127593994
1712 2.003925085067749
1713 2.1065750122070312
1714 1.764223337173462
1715 1.482773780822754
1716 1.6411495208740234
1717 1.6542401313781738
1718 1.9044544696807861
1719 2.0807831287384033
1720 1.7521264553070068
1721 1.8425320386886597
1722 1.9730479717254639
1723 1.8628058433532715
1724 1.9029828310012817
1725 1.9113004207611084
1726 1.903997778892517
1727 1.8390228748321533
1728 1.7259348630905151
1729 1.8320695161819458
1730 1.7566876411437988
1731 1.929422378540039
1732 1.618768334388733
1733 1.9316726922988892
1734 1.807866096496582
1735 1.6365511417388916
1736 2.0465736389160156
1737 1.7091171741485596
1738 2.0411722660064697
1739 2.5984835624694824
1740 2.1011126041412354
1741 1.8760451078414917
1742 1.8414558172225952
1743 2.0133743286132812
1744 1.7835009098052979
1745 2.337054491043091
1746 1.7968682050704956
1747 1.994823932647705
1748 2.228654146194458
1749 1.686446189880371
1750 2.0089852809906006
1751 1.6357836723327637
1752 2.1352171897888184
1753 1.7943811416625977
1754 2.1179752349853516
1755 1.7881282567977905
1756 2.0311989784240723
1757 2.027587652206421
1758 1.927846908569336
1759 2.0401031970977783
1760 1.9220154285430908
1761 1.684902548789978
1762 2.3438761234283447
1763 1.8642629384994507
1764 1.8549103736877441
1765 1.7394757270812988
1766 2.2408766746520996
1767 1.817192792892456
1768 1.7961751222610474
1769 2.0122873783111572
1770 1.7548072338104248
1771 1.766498327255249
1772 2.0712809562683105
1773 1.7610893249511719
1774 2.0395913124084473
1775 1.7589592933654785
1776 2.141871213912964
1777 1.920038104057312
1778 2.249284029006958
1779 2.0585858821868896
1780 2.069308042526245
1781 2.3501780033111572
1782 1.743257999420166
1783 1.9532139301300049
1784 1.8197352886199951
1785 1.6645348072052002
1786 2.1262059211730957
1787 2.24949049949646
1788 1.8044228553771973
1789 1.6020504236221313
1790 1.7242459058761597
1791 2.2874257564544678
1792 1.8632864952087402
1793 1.9083465337753296
1794 1.6841392517089844
1795 2.204977035522461
1796 2.2068545818328857
1797 1.9056135416030884
1798 1.9518691301345825
1799 1.8428877592086792
1800 1.7318421602249146
1801 1.7080070972442627
1802 1.9706071615219116
1803 1.871239185333252
1804 1.6623040437698364
1805 1.8510167598724365
1806 1.8547933101654053
1807 2.006674289703369
1808 2.0865514278411865
1809 1.9720813035964966
1810 1.8209670782089233
1811 2.050628423690796
1812 1.812941551208496
1813 1.8781863451004028
1814 1.7215038537979126
1815 2.0945632457733154
1816 2.0311453342437744
1817 1.9553039073944092
1818 2.0153298377990723
1819 2.3772976398468018
1820 1.841640830039978
1821 2.0132393836975098
1822 1.8301571607589722
1823 1.8432927131652832
1824 2.0550377368927
1825 1.622363567352295
1826 2.142383575439453
1827 1.9742357730865479
1828 1.7109655141830444
1829 1.8586291074752808
1830 1.9357117414474487
1831 1.993393063545227
1832 1.9058631658554077
1833 1.8483877182006836
1834 1.8780850172042847
1835 1.8911583423614502
1836 1.7062164545059204
1837 2.122044324874878
1838 1.6650561094284058
1839 1.6695425510406494
1840 1.7137237787246704
1841 2.6672871112823486
1842 2.235144853591919
1843 1.7216688394546509
1844 1.9436955451965332
1845 1.8109105825424194
1846 1.6859239339828491
1847 1.6825169324874878
1848 1.673969030380249
1849 2.0941755771636963
1850 1.8725345134735107
1851 1.7923498153686523
1852 2.1668543815612793
1853 2.02307391166687
1854 1.6633645296096802
1855 1.6582090854644775
1856 1.8233169317245483
1857 2.2446203231811523
1858 1.7872405052185059
1859 2.1683037281036377
1860 2.06931734085083
1861 1.880552887916565
1862 2.12480092048645
1863 2.054633378982544
1864 2.10622501373291
1865 2.1491057872772217
1866 2.1258249282836914
1867 2.3036301136016846
1868 2.094191551208496
1869 1.6208316087722778
1870 1.8079315423965454
1871 1.816385269165039
1872 2.173380136489868
1873 1.9937505722045898
1874 2.203491687774658
1875 1.9686559438705444
1876 1.8668652772903442
1877 2.068988084793091
1878 1.8885713815689087
1879 2.193607807159424
1880 2.232544183731079
1881 1.7343791723251343
1882 2.020984172821045
1883 1.8305203914642334
1884 2.329312324523926
1885 2.007140636444092
1886 1.7124706506729126
1887 1.7352080345153809
1888 1.9435914754867554
1889 1.7124786376953125
1890 1.8501883745193481
1891 2.0857906341552734
1892 2.016955614089966
1893 1.9128451347351074
1894 1.91729736328125
1895 2.0597915649414062
1896 1.9793757200241089
1897 2.273341178894043
1898 1.9098913669586182
1899 2.139162540435791
1900 2.011698007583618
1901 2.10673189163208
1902 2.2761454582214355
1903 1.5181108713150024
1904 2.002285957336426
1905 1.6243187189102173
1906 1.930410623550415
1907 1.7734187841415405
1908 1.8777353763580322
1909 1.9513105154037476
1910 2.056304454803467
1911 1.9216527938842773
1912 2.6568470001220703
1913 2.019744873046875
1914 1.7364966869354248
1915 2.1217894554138184
1916 1.8305960893630981
1917 2.0395073890686035
1918 1.948919653892517
1919 1.966753602027893
1920 1.8121750354766846
1921 1.8024640083312988
1922 1.6358401775360107
1923 1.8618214130401611
1924 1.6556416749954224
1925 1.7666575908660889
1926 1.8078373670578003
1927 1.8606308698654175
1928 1.7341862916946411
1929 2.069394588470459
1930 1.9392595291137695
1931 1.6253914833068848
1932 2.0041873455047607
1933 1.9209349155426025
1934 1.9022210836410522
1935 1.7335647344589233
1936 1.888139009475708
1937 2.5323708057403564
1938 1.6271109580993652
1939 1.8811758756637573
1940 1.613768458366394
1941 1.8461819887161255
1942 2.1003127098083496
1943 1.8705626726150513
1944 1.8463959693908691
1945 1.8114104270935059
1946 2.08813214302063
1947 2.0240421295166016
1948 1.9455701112747192
1949 1.8330482244491577
1950 2.3609821796417236
1951 2.138784885406494
1952 1.6428396701812744
1953 2.2391724586486816
1954 1.9672884941101074
1955 1.9915499687194824
1956 2.243952989578247
1957 2.053170680999756
1958 1.8988393545150757
1959 1.747208595275879
1960 2.007019281387329
1961 1.930335521697998
1962 1.8441299200057983
1963 2.073822259902954
1964 2.152589797973633
1965 1.8791171312332153
1966 1.7690725326538086
1967 1.8877750635147095
1968 1.8281749486923218
1969 1.8312971591949463
1970 1.9326640367507935
1971 1.9359735250473022
1972 1.9028795957565308
1973 1.5874630212783813
1974 2.0126006603240967
1975 1.9747076034545898
1976 2.0452773571014404
1977 2.2387208938598633
1978 2.0098915100097656
1979 2.0357048511505127
1980 1.9871944189071655
1981 1.7676200866699219
1982 1.8665837049484253
1983 1.764135718345642
1984 1.7307372093200684
1985 1.84444260597229
1986 1.8306649923324585
1987 1.5898078680038452
1988 2.065528631210327
1989 2.1506667137145996
1990 2.2384817600250244
1991 1.9527052640914917
1992 1.8190062046051025
1993 2.031872272491455
1994 1.8900941610336304
1995 1.8198901414871216
1996 2.100510835647583
1997 2.110804796218872
1998 1.8445395231246948
1999 1.626375436782837
2000 2.050964117050171
2001 1.8360517024993896
2002 1.7487760782241821
2003 2.2322123050689697
2004 1.834341049194336
2005 2.3136250972747803
2006 1.7589818239212036
2007 2.133992910385132
2008 1.9297678470611572
2009 1.9179600477218628
2010 2.207496404647827
2011 1.8840487003326416
2012 1.6628849506378174
2013 1.6522793769836426
2014 1.735982060432434
2015 2.0923213958740234
2016 2.246716022491455
2017 1.6931419372558594
2018 1.9866598844528198
2019 1.953363299369812
2020 1.8056648969650269
2021 2.0234203338623047
2022 2.1627109050750732
2023 1.85421621799469
2024 2.1444828510284424
2025 1.8584415912628174
2026 2.163935422897339
2027 1.796687126159668
2028 1.8920137882232666
2029 2.126322031021118
2030 1.9812679290771484
2031 2.309755563735962
2032 1.8092896938323975
2033 1.7371727228164673
2034 2.0615732669830322
2035 1.9215834140777588
2036 2.296464681625366
2037 2.0760467052459717
2038 1.9860363006591797
2039 1.5699074268341064
2040 1.862694263458252
2041 2.11484956741333
2042 2.0045621395111084
2043 1.9007874727249146
2044 1.8098167181015015
2045 1.6478233337402344
2046 1.8255242109298706
2047 1.7646814584732056
2048 1.779719591140747
2049 1.7330654859542847
2050 1.9285577535629272
2051 1.8014801740646362
2052 1.7283484935760498
2053 1.9224958419799805
2054 1.8378444910049438
2055 1.9590660333633423
2056 1.8264497518539429
2057 1.8530522584915161
2058 1.888053297996521
2059 2.0238592624664307
2060 1.9419277906417847
2061 1.8979989290237427
2062 1.7582367658615112
2063 2.0170469284057617
2064 1.49614679813385
2065 2.2670602798461914
2066 1.6558490991592407
2067 2.135814905166626
2068 2.7492144107818604
2069 1.966255784034729
2070 2.0615391731262207
2071 2.042440891265869
2072 2.000882863998413
2073 1.9291629791259766
2074 2.0279457569122314
2075 1.9240812063217163
2076 1.7826228141784668
2077 1.9208556413650513
2078 1.7786022424697876
2079 1.8458980321884155
2080 1.8959232568740845
2081 1.9907102584838867
2082 2.0036673545837402
2083 1.8237911462783813
2084 1.9122511148452759
2085 1.9479347467422485
2086 2.036186456680298
2087 2.31998348236084
2088 2.0078353881835938
2089 1.9023231267929077
2090 1.633393406867981
2091 2.3349595069885254
2092 2.0266945362091064
2093 1.8770596981048584
2094 2.144829273223877
2095 1.7889024019241333
2096 2.414644718170166
2097 1.9456884860992432
2098 1.7626479864120483
2099 1.7183728218078613
2100 1.7025818824768066
2101 1.7198549509048462
2102 1.728236198425293
2103 1.7938898801803589
2104 2.0811994075775146
2105 1.8834340572357178
2106 2.1540815830230713
2107 1.8445565700531006
2108 1.8961001634597778
2109 1.8971449136734009
2110 1.83031165599823
2111 2.2872743606567383
2112 2.24575138092041
2113 1.9489580392837524
2114 1.8448927402496338
2115 2.0125505924224854
2116 1.8921942710876465
2117 1.7621773481369019
2118 1.9836297035217285
2119 1.6704787015914917
2120 1.882936716079712
2121 1.9270037412643433
2122 2.0723023414611816
2123 1.8241870403289795
2124 2.141116142272949
2125 2.139451503753662
2126 1.9794107675552368
2127 1.5729550123214722
2128 1.98973548412323
2129 2.0910186767578125
2130 1.8281307220458984
2131 2.3157167434692383
2132 1.7035926580429077
2133 1.7412621974945068
2134 1.9929507970809937
2135 1.8192119598388672
2136 1.84806227684021
2137 2.2581770420074463
2138 1.9076929092407227
2139 1.7753883600234985
2140 1.852964162826538
2141 2.1660964488983154
2142 1.7477304935455322
2143 1.8243449926376343
2144 1.754703164100647
2145 1.840334415435791
2146 1.84964919090271
2147 1.8457281589508057
2148 1.887842059135437
2149 1.697688102722168
2150 1.786972999572754
2151 2.034590244293213
2152 1.9479963779449463
2153 1.8282513618469238
2154 1.7029324769973755
2155 1.8003370761871338
2156 2.018702745437622
2157 1.9058524370193481
2158 2.4362998008728027
2159 2.2764387130737305
2160 2.310046434402466
2161 1.7822351455688477
2162 1.7646400928497314
2163 1.8219438791275024
2164 1.8812484741210938
2165 1.74595308303833
2166 2.0508759021759033
2167 1.96737802028656
2168 1.99724543094635
2169 1.7308834791183472
2170 1.8762004375457764
2171 1.7470840215682983
2172 2.096801280975342
2173 1.788249135017395
2174 2.017914295196533
2175 1.8311948776245117
2176 1.9528988599777222
2177 1.8454549312591553
2178 1.7347142696380615
2179 1.8061213493347168
2180 1.8004989624023438
2181 1.735018253326416
2182 1.7726972103118896
2183 1.9231206178665161
2184 1.8362157344818115
2185 2.56636381149292
2186 1.8600231409072876
2187 1.8465949296951294
2188 1.6115659475326538
2189 2.082669258117676
2190 1.709909439086914
2191 2.013603687286377
2192 2.0816476345062256
2193 2.0292768478393555
2194 1.7635804414749146
2195 1.7877919673919678
2196 2.0451982021331787
2197 1.9117240905761719
2198 1.8172687292099
2199 1.9610296487808228
2200 1.6545405387878418
2201 1.6689485311508179
2202 1.728576421737671
2203 1.9608200788497925
2204 1.8382692337036133
2205 1.9774680137634277
2206 1.9123955965042114
2207 1.8381067514419556
2208 1.9409595727920532
2209 2.2582297325134277
2210 1.980231761932373
2211 1.7273149490356445
2212 1.8060719966888428
2213 1.49479079246521
2214 2.310559034347534
2215 1.614663004875183
2216 1.899222731590271
2217 1.905537486076355
2218 1.9783742427825928
2219 2.3195724487304688
2220 2.107815980911255
2221 1.8640614748001099
2222 1.8322944641113281
2223 1.8249738216400146
2224 1.7217271327972412
2225 2.2157042026519775
2226 1.6995820999145508
2227 1.7427960634231567
2228 1.891237735748291
2229 1.9352848529815674
2230 1.7858308553695679
2231 2.031733274459839
2232 1.7394225597381592
2233 1.850469946861267
2234 1.6954748630523682
2235 1.8748588562011719
2236 1.8623113632202148
2237 1.8144125938415527
2238 1.7100622653961182
2239 1.7851715087890625
2240 1.731946349143982
2241 1.9896061420440674
2242 2.5162007808685303
2243 1.9869498014450073
2244 1.6063441038131714
2245 1.6911982297897339
2246 1.6816788911819458
2247 1.6639500856399536
2248 2.139669179916382
2249 1.5947184562683105
2250 2.0136280059814453
2251 1.9301782846450806
2252 2.060363531112671
2253 1.8242665529251099
2254 1.9430876970291138
2255 1.7122600078582764
2256 1.9088860750198364
2257 1.9297765493392944
2258 1.6428403854370117
2259 1.6468886137008667
2260 1.687501072883606
2261 2.3120157718658447
2262 1.8422598838806152
2263 1.7546011209487915
2264 1.8517173528671265
2265 1.9422258138656616
2266 1.9546403884887695
2267 2.0087637901306152
2268 1.8589240312576294
2269 1.9587942361831665
2270 1.8781232833862305
2271 1.906548023223877
2272 1.915215253829956
2273 2.399155616760254
2274 2.007676839828491
2275 1.9734694957733154
2276 1.8929322957992554
2277 1.700786828994751
2278 1.8766666650772095
2279 1.9695336818695068
2280 2.0112483501434326
2281 1.697877049446106
2282 1.7743265628814697
2283 1.9554280042648315
2284 1.8877308368682861
2285 2.2711098194122314
2286 2.124551296234131
2287 1.8823938369750977
2288 2.0818746089935303
2289 2.0447373390197754
2290 1.903806209564209
2291 1.6815820932388306
2292 1.8952674865722656
2293 1.7310535907745361
2294 2.3534903526306152
2295 1.7916741371154785
2296 2.0639140605926514
2297 1.9177361726760864
2298 1.7275221347808838
2299 1.6633728742599487
2300 1.8121074438095093
2301 2.326826333999634
2302 2.031897783279419
2303 1.8292969465255737
2304 1.8727539777755737
2305 1.7958062887191772
2306 1.8499611616134644
2307 2.2907001972198486
2308 1.9875761270523071
2309 1.720482587814331
2310 2.2882072925567627
2311 1.6738470792770386
2312 1.8455291986465454
2313 1.976190447807312
2314 2.075087785720825
2315 1.9031083583831787
2316 1.8631192445755005
2317 2.0849525928497314
2318 1.782236933708191
2319 1.9074645042419434
2320 2.0844225883483887
2321 1.9386985301971436
2322 1.7200653553009033
2323 1.6640392541885376
2324 1.878498911857605
2325 1.485379695892334
2326 1.6642333269119263
2327 1.8345391750335693
2328 1.6069051027297974
2329 1.8153796195983887
2330 1.7673577070236206
2331 2.0652856826782227
2332 2.141815185546875
2333 2.0109870433807373
2334 1.947852373123169
2335 2.025277853012085
2336 2.2582271099090576
2337 1.7850722074508667
2338 1.9329063892364502
2339 2.174224376678467
2340 1.7791260480880737
2341 1.7599457502365112
2342 1.8449167013168335
2343 1.9214338064193726
2344 1.8909796476364136
2345 1.9039345979690552
2346 1.9323482513427734
2347 2.079582691192627
2348 1.960418939590454
2349 1.8744291067123413
2350 2.4048986434936523
2351 1.950203776359558
2352 1.8398120403289795
2353 1.6532913446426392
2354 2.2047135829925537
2355 2.048471450805664
2356 1.8519762754440308
2357 1.8621023893356323
2358 2.0595505237579346
2359 1.9215035438537598
2360 1.8893135786056519
2361 1.890579342842102
2362 1.9964392185211182
2363 1.688328504562378
2364 1.973943829536438
2365 2.130007743835449
2366 1.855454683303833
2367 1.914837121963501
2368 1.977428674697876
2369 2.104973554611206
2370 2.028935670852661
2371 1.695722222328186
2372 1.8902994394302368
2373 1.7698785066604614
2374 1.981298804283142
2375 1.9707057476043701
2376 1.888936996459961
2377 1.9223209619522095
2378 2.040480613708496
2379 1.6251370906829834
2380 2.1173977851867676
2381 1.8538494110107422
2382 1.7942290306091309
2383 1.9892348051071167
2384 1.7621008157730103
2385 2.240645408630371
2386 1.9328943490982056
2387 1.8362038135528564
2388 1.9824612140655518
2389 1.767846703529358
2390 2.250232696533203
2391 1.902491807937622
2392 2.1234757900238037
2393 2.4997403621673584
2394 1.837918758392334
2395 1.709357738494873
2396 1.5703493356704712
2397 1.703081488609314
2398 1.8712774515151978
2399 2.0715794563293457
2400 2.3378190994262695
2401 1.9339466094970703
2402 2.060136318206787
2403 1.7619528770446777
2404 2.020334005355835
2405 1.8602880239486694
2406 1.8555089235305786
2407 1.7899737358093262
2408 1.9815911054611206
2409 1.865051507949829
2410 1.6074591875076294
2411 1.9346712827682495
2412 1.729776382446289
2413 1.9907991886138916
2414 1.8562767505645752
2415 1.6249103546142578
2416 2.045710325241089
2417 1.8259323835372925
2418 1.9855148792266846
2419 1.9454041719436646
2420 1.789615511894226
2421 1.4623820781707764
2422 1.8409209251403809
2423 1.844732403755188
2424 1.7809454202651978
2425 2.348562479019165
2426 2.0031397342681885
2427 1.9004155397415161
2428 1.7588434219360352
2429 1.738523006439209
2430 2.1856863498687744
2431 1.687886118888855
2432 2.199899911880493
2433 1.826851725578308
2434 1.6570961475372314
2435 2.5215930938720703
2436 1.8782994747161865
2437 2.076756000518799
2438 1.6047166585922241
2439 2.005871534347534
2440 1.8757127523422241
2441 1.6335253715515137
2442 2.1030831336975098
2443 1.6603515148162842
2444 2.055091619491577
2445 1.8769632577896118
2446 1.8612816333770752
2447 1.7518525123596191
2448 2.034885883331299
2449 2.322101593017578
2450 2.087848663330078
2451 1.8129841089248657
2452 2.1078054904937744
2453 1.4685986042022705
2454 2.0063412189483643
2455 1.6952025890350342
2456 1.7514846324920654
2457 1.7174376249313354
2458 1.9586457014083862
2459 1.697498083114624
2460 1.5993937253952026
2461 1.5569987297058105
2462 1.8690683841705322
2463 2.0828871726989746
2464 2.051215648651123
2465 1.7763116359710693
2466 2.1887927055358887
2467 1.6823828220367432
2468 1.794547200202942
2469 1.8578368425369263
2470 1.8289414644241333
2471 2.0856428146362305
2472 2.051551342010498
2473 1.9365921020507812
2474 1.9451526403427124
2475 1.8833314180374146
2476 2.0080318450927734
2477 2.0299627780914307
2478 1.952736496925354
2479 2.02089524269104
2480 1.632378101348877
2481 2.000586986541748
2482 2.439666271209717
2483 1.847429633140564
2484 1.7621482610702515
2485 1.8495197296142578
2486 2.2909040451049805
2487 1.8739795684814453
2488 1.9202405214309692
2489 2.049767255783081
2490 2.2060329914093018
2491 1.970868706703186
2492 2.2035601139068604
2493 1.8673772811889648
2494 2.087332010269165
2495 2.002938985824585
2496 1.8316833972930908
2497 1.8288841247558594
2498 1.6751983165740967
2499 1.9112119674682617
2500 1.7519760131835938
2501 1.784289836883545
2502 2.4435973167419434
2503 1.887987732887268
2504 1.815247893333435
2505 1.8034248352050781
2506 1.8802911043167114
2507 1.7486094236373901
2508 1.9666415452957153
2509 2.06265926361084
2510 1.8343130350112915
2511 1.9554688930511475
2512 2.1925082206726074
2513 1.8677078485488892
2514 1.8149405717849731
2515 2.1297905445098877
2516 2.0700619220733643
2517 1.7534109354019165
2518 1.7262182235717773
2519 1.9249762296676636
2520 1.9159843921661377
2521 1.8549796342849731
2522 1.904467225074768
2523 1.752956509590149
2524 1.7521953582763672
2525 1.8389885425567627
2526 1.912779450416565
2527 1.9031407833099365
2528 1.5939397811889648
2529 1.911608099937439
2530 1.8870190382003784
2531 2.0824735164642334
2532 1.7334519624710083
2533 1.7469017505645752
2534 2.1045069694519043
2535 2.1821937561035156
2536 1.4732714891433716
2537 1.6700518131256104
2538 1.7098525762557983
2539 1.7543948888778687
2540 1.9567404985427856
2541 2.068995714187622
2542 1.8504741191864014
2543 2.1849820613861084
2544 1.948370099067688
2545 2.091442346572876
2546 1.5800484418869019
2547 2.0895164012908936
2548 1.810901165008545
2549 1.7013241052627563
2550 1.6287384033203125
2551 1.898590087890625
2552 1.983286738395691
2553 1.916126012802124
2554 1.7052028179168701
2555 2.1447856426239014
2556 2.0805447101593018
2557 2.035127878189087
2558 2.0735671520233154
2559 1.8081319332122803
2560 1.8003888130187988
2561 2.319711446762085
2562 1.7261755466461182
2563 1.9102216958999634
2564 1.7679955959320068
2565 1.853373408317566
2566 1.8556734323501587
2567 1.723154902458191
2568 1.7461692094802856
2569 1.8306916952133179
2570 1.9364441633224487
2571 1.8627182245254517
2572 1.9650033712387085
2573 1.8479443788528442
2574 1.6769763231277466
2575 1.6171996593475342
2576 2.0456106662750244
2577 2.03607177734375
2578 1.8529146909713745
2579 1.7338265180587769
2580 1.6207937002182007
2581 2.077535629272461
2582 1.823778510093689
2583 1.9316352605819702
2584 1.6271071434020996
2585 2.01029372215271
2586 1.804404377937317
2587 1.5035520792007446
2588 1.8234355449676514
2589 1.858789324760437
2590 1.7323946952819824
2591 2.195716142654419
2592 1.9035301208496094
2593 1.8717727661132812
2594 1.6726043224334717
2595 1.9446650743484497
2596 1.6284977197647095
2597 2.342003107070923
2598 1.9473328590393066
2599 2.0767486095428467
2600 2.069784164428711
2601 1.874650478363037
2602 1.8289594650268555
2603 2.226604461669922
2604 1.7583969831466675
2605 1.530364990234375
2606 2.063553810119629
2607 1.7811146974563599
2608 1.9046287536621094
2609 2.1898698806762695
2610 2.217006206512451
2611 2.057886838912964
2612 1.9547585248947144
2613 2.0941622257232666
2614 1.8397526741027832
2615 2.3721535205841064
2616 1.7317603826522827
2617 1.7931729555130005
2618 1.8976181745529175
2619 1.5315066576004028
2620 1.7739951610565186
2621 1.859837293624878
2622 1.752350091934204
2623 1.7576119899749756
2624 2.0478641986846924
2625 1.7028146982192993
2626 1.6442055702209473
2627 2.1635165214538574
2628 1.8831554651260376
2629 1.965748906135559
2630 1.6316137313842773
2631 2.1543211936950684
2632 1.4750648736953735
2633 1.8057042360305786
2634 1.6634225845336914
2635 2.6530203819274902
2636 1.6277185678482056
2637 1.8230055570602417
2638 1.6029328107833862
2639 1.923336386680603
2640 1.8007067441940308
2641 1.6645597219467163
2642 1.7943083047866821
2643 1.6801408529281616
2644 1.8471225500106812
2645 1.7972601652145386
2646 1.7047170400619507
2647 1.7193593978881836
2648 2.2375869750976562
2649 1.7011853456497192
2650 1.8804396390914917
2651 1.8574639558792114
2652 2.129607677459717
2653 1.8167721033096313
2654 2.2811081409454346
2655 2.04543137550354
2656 1.9066606760025024
2657 1.9857996702194214
2658 1.8956525325775146
2659 1.9916460514068604
2660 1.6953924894332886
2661 1.9220606088638306
2662 1.9362667798995972
2663 1.947383165359497
2664 1.8296587467193604
2665 2.0224883556365967
2666 2.0427467823028564
2667 1.9778391122817993
2668 1.793861746788025
2669 1.8779269456863403
2670 1.7423386573791504
2671 1.7148512601852417
2672 1.8734538555145264
2673 2.1735708713531494
2674 1.8003329038619995
2675 1.7678875923156738
2676 2.2579450607299805
2677 1.793375849723816
2678 2.0703811645507812
2679 1.834172010421753
2680 1.8048005104064941
2681 1.8430922031402588
2682 2.013052225112915
2683 2.030705213546753
2684 2.200340986251831
2685 1.8389008045196533
2686 1.9443917274475098
2687 2.2808263301849365
2688 1.98703134059906
2689 1.759353756904602
2690 1.9447458982467651
2691 1.6461329460144043
2692 1.6513488292694092
2693 1.7396910190582275
2694 1.5493366718292236
2695 1.5744609832763672
2696 1.8391978740692139
2697 1.8342499732971191
2698 1.7589030265808105
2699 1.9048610925674438
2700 2.103006362915039
2701 1.869870662689209
2702 1.7586257457733154
2703 1.6141700744628906
2704 1.9571837186813354
2705 1.7223947048187256
2706 1.992598056793213
2707 1.742069125175476
2708 2.0695278644561768
2709 1.6940721273422241
2710 1.3326549530029297
2711 1.8175511360168457
2712 1.7033964395523071
2713 1.6308069229125977
2714 1.9073952436447144
2715 2.219357490539551
2716 1.921210765838623
2717 1.7761189937591553
2718 1.5542396306991577
2719 1.839263916015625
2720 1.7605348825454712
2721 1.8332573175430298
2722 1.7538998126983643
2723 2.151634693145752
2724 1.5739248991012573
2725 1.8670886754989624
2726 1.9286965131759644
2727 1.6891616582870483
2728 1.812256097793579
2729 2.033229351043701
2730 1.8526697158813477
2731 1.784417748451233
2732 1.9207903146743774
2733 1.7614496946334839
2734 2.005941390991211
2735 1.4936267137527466
2736 2.1241283416748047
2737 1.7098170518875122
2738 2.003319025039673
2739 1.5845149755477905
2740 2.2345077991485596
2741 2.0027949810028076
2742 2.241905927658081
2743 2.0025105476379395
2744 1.7867813110351562
2745 1.6508065462112427
2746 1.972739338874817
2747 1.9251900911331177
2748 1.8276234865188599
2749 1.7606645822525024
2750 1.8489394187927246
2751 1.65011465549469
2752 2.2235517501831055
2753 2.015428304672241
2754 1.7485097646713257
2755 1.9075589179992676
2756 1.8609784841537476
2757 1.9212831258773804
2758 1.7983689308166504
2759 1.8388023376464844
2760 1.8639620542526245
2761 1.7095140218734741
2762 1.8480688333511353
2763 2.470465898513794
2764 1.841033935546875
2765 1.7810744047164917
2766 1.748087763786316
2767 1.9804128408432007
2768 1.8489301204681396
2769 1.9647715091705322
2770 1.9645828008651733
2771 1.7591478824615479
2772 2.0804176330566406
2773 1.8452980518341064
2774 1.6998668909072876
2775 1.975919246673584
2776 1.9827170372009277
2777 1.8628044128417969
2778 1.613282561302185
2779 1.7303237915039062
2780 1.8750908374786377
2781 1.6318608522415161
2782 1.926821231842041
2783 1.48991060256958
2784 1.7322572469711304
2785 1.8164219856262207
2786 1.8244673013687134
2787 2.2820205688476562
2788 2.0997109413146973
2789 1.683781623840332
2790 2.2997069358825684
2791 2.070023536682129
2792 1.852962851524353
2793 1.5042619705200195
2794 1.7313859462738037
2795 1.4330629110336304
2796 1.9631545543670654
2797 1.9125274419784546
2798 2.087918281555176
2799 2.0648646354675293
2800 1.9396110773086548
2801 1.9354783296585083
2802 1.7977513074874878
2803 2.172670841217041
2804 1.825469970703125
2805 1.655104160308838
2806 2.003897190093994
2807 2.225799560546875
2808 1.6725413799285889
2809 2.128700017929077
2810 1.8236711025238037
2811 1.9860174655914307
2812 1.8544023036956787
2813 1.8613231182098389
2814 1.974442720413208
2815 1.80387282371521
2816 1.6939990520477295
2817 1.6858383417129517
2818 2.057300567626953
2819 1.5875006914138794
2820 1.7340571880340576
2821 2.229015350341797
2822 1.8137229681015015
2823 1.918416142463684
2824 1.8673696517944336
2825 1.963388204574585
2826 1.7929010391235352
2827 1.8373099565505981
2828 1.8271234035491943
2829 2.18186354637146
2830 1.9021434783935547
2831 2.243037462234497
2832 1.9783401489257812
2833 2.0073976516723633
2834 1.9099851846694946
2835 2.0313076972961426
2836 1.8889583349227905
2837 1.6491094827651978
2838 1.763586401939392
2839 1.7010266780853271
2840 1.5221632719039917
2841 1.7809635400772095
2842 2.1789541244506836
2843 1.6483882665634155
2844 1.7950215339660645
2845 2.28145170211792
2846 2.104269504547119
2847 1.728861927986145
2848 1.9724375009536743
2849 1.7657254934310913
2850 1.767104983329773
2851 2.1159827709198
2852 2.348344564437866
2853 2.0244555473327637
2854 1.523849606513977
2855 1.8721543550491333
2856 1.7546635866165161
2857 1.7546396255493164
2858 1.933423399925232
2859 1.7874197959899902
2860 1.804343342781067
2861 2.1869683265686035
2862 1.9219281673431396
2863 1.6215882301330566
2864 2.1160738468170166
2865 1.9819824695587158
2866 2.112541437149048
2867 1.7716755867004395
2868 1.9154314994812012
2869 1.7895399332046509
2870 1.699592113494873
2871 1.8639450073242188
2872 1.9930438995361328
2873 1.9369847774505615
2874 1.9843181371688843
2875 1.6345800161361694
2876 1.8927710056304932
2877 1.8944209814071655
2878 2.200676679611206
2879 2.4506540298461914
2880 2.0299694538116455
2881 1.8497381210327148
2882 1.9319921731948853
2883 2.1135201454162598
2884 2.6217195987701416
2885 1.9660557508468628
2886 2.217869520187378
2887 1.7566769123077393
2888 1.6363344192504883
2889 1.726870059967041
2890 1.6219366788864136
2891 2.1552071571350098
2892 2.095445394515991
2893 1.863772988319397
2894 1.7313200235366821
2895 1.8869004249572754
2896 1.8713895082473755
2897 1.9888591766357422
2898 1.7840434312820435
2899 2.052560567855835
2900 1.7018269300460815
2901 1.5897042751312256
2902 2.0754928588867188
2903 1.8304721117019653
2904 1.8663347959518433
2905 1.854856252670288
2906 1.9417985677719116
2907 1.927164912223816
2908 1.8074369430541992
2909 2.1418092250823975
2910 1.9447840452194214
2911 1.9235855340957642
2912 1.9320108890533447
2913 1.7205222845077515
2914 1.8479583263397217
2915 1.9583488702774048
2916 2.3200325965881348
2917 1.8831678628921509
2918 1.6431851387023926
2919 2.259406805038452
2920 1.7017194032669067
2921 1.6852675676345825
2922 2.045358180999756
2923 2.1009747982025146
2924 2.459522008895874
2925 1.9688465595245361
2926 1.7174166440963745
2927 1.738043189048767
2928 1.7431323528289795
2929 1.724116563796997
2930 1.8036079406738281
2931 1.912193775177002
2932 1.9220786094665527
2933 1.589118242263794
2934 2.1818301677703857
2935 1.5447804927825928
2936 1.7144988775253296
2937 1.6757481098175049
2938 1.8152639865875244
2939 1.8549628257751465
2940 1.732972502708435
2941 2.141441822052002
2942 1.8853739500045776
2943 1.5692307949066162
2944 1.5617626905441284
2945 1.693471908569336
2946 2.14507794380188
2947 1.6315693855285645
2948 1.7359520196914673
2949 1.9011139869689941
2950 1.8353062868118286
2951 1.7775404453277588
2952 1.5880753993988037
2953 1.7322511672973633
2954 1.9625680446624756
2955 2.0178122520446777
2956 1.9538509845733643
2957 1.6545318365097046
2958 1.6593585014343262
2959 1.810118556022644
2960 1.7173585891723633
2961 1.8755548000335693
2962 1.6733051538467407
2963 1.8837857246398926
2964 1.777828335762024
2965 1.644370436668396
2966 1.5946903228759766
2967 2.2639377117156982
2968 1.8065667152404785
2969 1.8064864873886108
2970 1.7984895706176758
2971 1.854599952697754
2972 1.7866108417510986
2973 1.6626189947128296
2974 1.7180428504943848
2975 1.7777658700942993
2976 1.8347870111465454
2977 2.082754135131836
2978 1.7647329568862915
2979 2.4062070846557617
2980 1.8175230026245117
2981 1.8589649200439453
2982 1.6918278932571411
2983 1.6828923225402832
2984 1.7905360460281372
2985 1.8061659336090088
2986 1.6481544971466064
2987 1.9885708093643188
2988 1.6689237356185913
2989 1.7383605241775513
2990 1.8978805541992188
2991 1.706274151802063
2992 1.6007951498031616
2993 2.181549072265625
2994 1.7945480346679688
2995 1.7462021112442017
2996 2.1692795753479004
2997 2.2906665802001953
2998 1.5038950443267822
2999 2.085360050201416
