0 4667905.0
1 6.980620384216309
0 14.902205467224121
1 14.406718254089355
2 13.28903865814209
3 14.11009407043457
4 12.835322380065918
5 12.310287475585938
6 15.6702241897583
7 10.076752662658691
8 16.013696670532227
9 13.410968780517578
10 16.759368896484375
11 11.653203010559082
12 17.298397064208984
13 6.6184186935424805
14 11.33648681640625
15 11.486004829406738
16 13.450567245483398
17 16.780221939086914
18 8.92276382446289
19 15.986502647399902
20 10.624282836914062
21 14.086000442504883
22 10.380746841430664
23 8.573392868041992
24 11.441250801086426
25 10.650583267211914
26 13.046191215515137
27 8.740668296813965
28 11.782832145690918
29 10.490309715270996
30 8.500981330871582
31 13.900788307189941
32 12.396897315979004
33 10.45045280456543
34 11.50969123840332
35 15.831501007080078
36 12.438055038452148
37 11.725228309631348
38 13.874122619628906
39 13.10712718963623
40 10.445034980773926
41 9.051655769348145
42 10.455896377563477
43 9.106213569641113
44 13.514022827148438
45 12.381922721862793
46 13.627668380737305
47 11.486176490783691
48 11.174134254455566
49 9.3859224319458
50 7.893040657043457
51 7.798727035522461
52 12.948884963989258
53 5.238885879516602
54 7.842113018035889
55 6.668394565582275
56 11.327790260314941
57 7.653143882751465
58 8.106612205505371
59 10.95836353302002
60 10.775530815124512
61 6.5127410888671875
62 8.822033882141113
63 9.330742835998535
64 10.93203353881836
65 9.26526165008545
66 14.05615234375
67 5.133828639984131
68 7.8598222732543945
69 9.658982276916504
70 9.791613578796387
71 8.9691162109375
72 8.021446228027344
73 8.712845802307129
74 5.73936128616333
75 6.254405498504639
76 8.2659912109375
77 7.722401142120361
78 4.666841983795166
79 5.433131694793701
80 8.310302734375
81 7.499526023864746
82 7.4068379402160645
83 5.93540096282959
84 11.078628540039062
85 12.114705085754395
86 9.326943397521973
87 7.995672702789307
88 12.181855201721191
89 8.87356948852539
90 6.190893650054932
91 6.687756061553955
92 6.201083660125732
93 9.07018756866455
94 7.237414836883545
95 5.1244988441467285
96 8.113277435302734
97 5.5744194984436035
98 7.37109375
99 9.15908432006836
100 11.897613525390625
101 7.8492865562438965
102 7.161227226257324
103 6.540597438812256
104 5.26520299911499
105 8.218461990356445
106 5.714737415313721
107 6.3809709548950195
108 5.630072593688965
109 6.267401218414307
110 7.435379981994629
111 6.069156169891357
112 8.402810096740723
113 9.023553848266602
114 6.603681564331055
115 8.14405345916748
116 5.387119293212891
117 7.109949588775635
118 8.946137428283691
119 5.671327590942383
120 6.590920448303223
121 9.393101692199707
122 8.022197723388672
123 4.335720062255859
124 8.17095947265625
125 8.563291549682617
126 7.359848499298096
127 7.445714473724365
128 7.28565788269043
129 7.402108669281006
130 6.997634410858154
131 7.407925128936768
132 7.1919708251953125
133 4.703608512878418
134 5.302220821380615
135 4.065271854400635
136 5.228281497955322
137 5.628962516784668
138 6.576791286468506
139 4.2532148361206055
140 7.424553871154785
141 6.942387580871582
142 4.061729431152344
143 5.141591548919678
144 8.595948219299316
145 7.8624162673950195
146 7.818305969238281
147 8.649808883666992
148 5.8349223136901855
149 8.549149513244629
150 7.493090629577637
151 6.297788619995117
152 5.062143325805664
153 7.635754585266113
154 7.601769924163818
155 6.998012542724609
156 7.375061988830566
157 9.629558563232422
158 7.875415802001953
159 4.577192306518555
160 6.2151641845703125
161 6.340506553649902
162 7.466102123260498
163 7.764378070831299
164 5.942314147949219
165 7.167552947998047
166 6.119988918304443
167 5.277961254119873
168 8.747422218322754
169 5.079197406768799
170 8.085162162780762
171 3.8272178173065186
172 5.735562801361084
173 7.269509315490723
174 6.149228572845459
175 4.010438442230225
176 3.8037760257720947
177 7.680902481079102
178 8.204644203186035
179 5.0837883949279785
180 5.347141265869141
181 5.807116985321045
182 6.255442142486572
183 4.518636703491211
184 3.942232131958008
185 4.672863960266113
186 4.363775253295898
187 6.515092372894287
188 3.978391408920288
189 6.272022247314453
190 5.990044593811035
191 4.3449015617370605
192 6.256309986114502
193 3.5870707035064697
194 6.202097415924072
195 4.830618381500244
196 3.801793336868286
197 5.726500988006592
198 4.191822052001953
199 5.964241981506348
200 4.041585922241211
201 5.868268966674805
202 5.089414119720459
203 4.212113380432129
204 5.4350714683532715
205 4.849385738372803
206 4.793999195098877
207 7.028496265411377
208 4.971531867980957
209 5.263889312744141
210 5.623796463012695
211 5.647829532623291
212 2.84040904045105
213 5.3712873458862305
214 5.859191417694092
215 4.7682204246521
216 7.273818492889404
217 5.355136871337891
218 5.751494407653809
219 4.684619903564453
220 4.933170795440674
221 5.912211894989014
222 5.092317581176758
223 3.5275118350982666
224 4.420731067657471
225 5.669251441955566
226 4.030205249786377
227 5.454631805419922
228 6.275345325469971
229 6.30620002746582
230 5.027141094207764
231 4.897349834442139
232 4.251409530639648
233 4.89572286605835
234 5.967813014984131
235 5.399117946624756
236 5.239319324493408
237 4.116628646850586
238 4.812180042266846
239 4.203723430633545
240 5.218980312347412
241 5.138705730438232
242 4.190186023712158
243 4.500760555267334
244 4.466048240661621
245 5.173816204071045
246 5.003786087036133
247 4.93250846862793
248 3.5561587810516357
249 3.8130509853363037
250 4.107494831085205
251 4.379648685455322
252 4.106864929199219
253 5.342724323272705
254 5.685016632080078
255 4.027822017669678
256 5.932793140411377
257 4.471452713012695
258 5.438963413238525
259 3.9318249225616455
260 3.47756290435791
261 4.176042556762695
262 5.076462745666504
263 4.163228988647461
264 3.743556499481201
265 4.53907585144043
266 4.2921462059021
267 3.5583748817443848
268 4.112033843994141
269 4.77700138092041
270 3.642512798309326
271 5.139775276184082
272 3.8157687187194824
273 4.057552337646484
274 3.7135252952575684
275 4.798722743988037
276 4.558144569396973
277 4.374001979827881
278 3.8525028228759766
279 4.325819969177246
280 4.848072528839111
281 4.110820293426514
282 3.3896729946136475
283 4.30966329574585
284 4.814473628997803
285 4.109102249145508
286 3.940694808959961
287 4.024989604949951
288 3.297261953353882
289 3.9913859367370605
290 3.7475569248199463
291 4.812686920166016
292 4.120840549468994
293 4.0759782791137695
294 4.023301601409912
295 3.881078004837036
296 3.6818532943725586
297 3.743854522705078
298 4.527024269104004
299 4.610897541046143
300 3.9496426582336426
301 3.4979045391082764
302 4.594716548919678
303 3.0640013217926025
304 3.6760103702545166
305 4.940108299255371
306 4.397402763366699
307 4.3827338218688965
308 4.461231708526611
309 4.137238502502441
310 4.544368267059326
311 4.280591011047363
312 3.595036506652832
313 4.274037837982178
314 3.838862895965576
315 4.209691047668457
316 4.209137439727783
317 4.117728233337402
318 4.43217658996582
319 3.769552707672119
320 4.305145263671875
321 4.030867576599121
322 3.8298604488372803
323 3.99100661277771
324 4.210748195648193
325 4.078228950500488
326 4.061830520629883
327 4.236104965209961
328 3.7510995864868164
329 4.280900001525879
330 3.7959418296813965
331 4.253734588623047
332 4.236259460449219
333 3.9556336402893066
334 3.9885501861572266
335 3.639657735824585
336 4.077271938323975
337 3.5553579330444336
338 3.397758722305298
339 3.304647207260132
340 3.8002963066101074
341 4.186314582824707
342 3.7011542320251465
343 4.280899524688721
344 3.7091126441955566
345 3.643720865249634
346 3.3990116119384766
347 3.9112136363983154
348 4.2235188484191895
349 4.4487738609313965
350 3.775606393814087
351 3.7009310722351074
352 3.4786205291748047
353 3.467465400695801
354 3.9945616722106934
355 3.6826765537261963
356 3.58703351020813
357 3.6942989826202393
358 3.239748954772949
359 3.732282876968384
360 2.7546823024749756
361 3.1056480407714844
362 3.0983939170837402
363 3.9529788494110107
364 3.2711172103881836
365 3.8512604236602783
366 3.8884527683258057
367 4.206984996795654
368 3.8226003646850586
369 3.482211112976074
370 3.8743391036987305
371 3.6552999019622803
372 3.7571072578430176
373 4.036190032958984
374 4.1023359298706055
375 3.6637790203094482
376 3.3693783283233643
377 4.3908820152282715
378 3.9277565479278564
379 3.7098515033721924
380 2.765240430831909
381 3.7515392303466797
382 3.4733991622924805
383 3.5445175170898438
384 3.696016311645508
385 3.505107879638672
386 4.235976696014404
387 4.0456862449646
388 3.4237964153289795
389 3.7347400188446045
390 3.565911293029785
391 2.854426145553589
392 3.7160985469818115
393 3.505244493484497
394 3.4557974338531494
395 3.588381052017212
396 3.8519675731658936
397 3.509755849838257
398 4.333752155303955
399 3.1698191165924072
400 3.8917133808135986
401 3.477137327194214
402 3.4829769134521484
403 3.7155632972717285
404 3.7426013946533203
405 2.8733644485473633
406 3.5324926376342773
407 3.0868613719940186
408 3.5554797649383545
409 3.812835216522217
410 4.049651622772217
411 3.1029052734375
412 3.6085360050201416
413 3.823421001434326
414 2.90195631980896
415 3.6754326820373535
416 3.8255727291107178
417 3.583395481109619
418 3.76458477973938
419 3.249192953109741
420 3.731023073196411
421 3.8258540630340576
422 3.433664560317993
423 3.0734825134277344
424 3.714277505874634
425 3.4447433948516846
426 3.917985439300537
427 3.8818674087524414
428 3.4209108352661133
429 3.4441275596618652
430 3.4115450382232666
431 3.2528700828552246
432 3.58369779586792
433 3.453126907348633
434 3.6541125774383545
435 3.4156594276428223
436 3.7324037551879883
437 3.2583367824554443
438 3.615912437438965
439 4.003775119781494
440 3.512941598892212
441 3.7242789268493652
442 3.4425506591796875
443 3.3747031688690186
444 3.113382339477539
445 3.0415117740631104
446 3.62054181098938
447 3.7293412685394287
448 3.421804904937744
449 3.5640039443969727
450 3.2625019550323486
451 3.5355820655822754
452 3.5712947845458984
453 3.681150197982788
454 3.2944061756134033
455 3.2323620319366455
456 2.8098561763763428
457 2.941417694091797
458 3.104727029800415
459 3.758754253387451
460 3.356402635574341
461 3.7370479106903076
462 2.797727584838867
463 2.978545665740967
464 3.2191717624664307
465 3.8268141746520996
466 3.8393263816833496
467 3.1353845596313477
468 4.081455230712891
469 3.4863905906677246
470 3.7732272148132324
471 2.970160722732544
472 3.6174185276031494
473 3.256950855255127
474 4.034524917602539
475 3.5521323680877686
476 3.1617140769958496
477 3.402705669403076
478 3.703395366668701
479 3.0523416996002197
480 3.516044855117798
481 4.1774516105651855
482 3.788465976715088
483 2.900477409362793
484 2.633178949356079
485 3.3744869232177734
486 3.2856807708740234
487 3.071019172668457
488 3.6837594509124756
489 2.895829916000366
490 2.9271788597106934
491 3.348884105682373
492 3.8497865200042725
493 3.503584623336792
494 3.024461030960083
495 2.888003349304199
496 3.3037755489349365
497 3.487170934677124
498 2.9957687854766846
499 3.4192605018615723
500 2.9821650981903076
501 3.8253233432769775
502 3.1484427452087402
503 3.340832233428955
504 2.817418098449707
505 3.352841377258301
506 3.0593409538269043
507 3.3127145767211914
508 3.5390636920928955
509 3.3955888748168945
510 3.517078161239624
511 3.818742036819458
512 3.096170425415039
513 3.32521390914917
514 3.357405662536621
515 3.128326416015625
516 2.9163129329681396
517 3.5157089233398438
518 3.585517644882202
519 3.2429275512695312
520 3.0581586360931396
521 2.979132890701294
522 2.949104070663452
523 3.9026896953582764
524 3.6542251110076904
525 3.6812424659729004
526 3.331460952758789
527 2.9145705699920654
528 3.141252040863037
529 3.2544634342193604
530 4.070544242858887
531 3.7455742359161377
532 3.3263421058654785
533 3.342477560043335
534 2.9577748775482178
535 3.4601891040802
536 3.4579808712005615
537 2.443275213241577
538 3.2071146965026855
539 3.0638303756713867
540 2.8728904724121094
541 3.6791555881500244
542 3.2921247482299805
543 2.7938010692596436
544 3.187509536743164
545 3.3322975635528564
546 2.973637580871582
547 3.537545919418335
548 3.302584171295166
549 3.531256914138794
550 3.0778281688690186
551 3.307570695877075
552 2.9968650341033936
553 3.883747100830078
554 3.044276237487793
555 3.2687666416168213
556 3.495670795440674
557 3.2467458248138428
558 3.3928399085998535
559 2.9039804935455322
560 3.258448839187622
561 3.0655834674835205
562 3.14571475982666
563 3.5402672290802
564 3.1294918060302734
565 2.910799741744995
566 2.9507882595062256
567 2.923102378845215
568 3.7532191276550293
569 3.2615575790405273
570 2.6698811054229736
571 3.662940263748169
572 3.183194160461426
573 3.1994049549102783
574 2.472564697265625
575 2.9242210388183594
576 3.5572426319122314
577 3.048370122909546
578 3.4449515342712402
579 2.9929351806640625
580 2.9014370441436768
581 3.0658304691314697
582 3.5818123817443848
583 2.9647939205169678
584 3.321732759475708
585 3.484187364578247
586 2.9013705253601074
587 2.817974328994751
588 2.975585699081421
589 2.9406886100769043
590 3.649405002593994
591 3.3742570877075195
592 2.180387020111084
593 3.0878946781158447
594 2.979097843170166
595 2.864917755126953
596 3.5152549743652344
597 3.3970799446105957
598 3.1239006519317627
599 3.2826385498046875
600 2.5428884029388428
601 3.6605658531188965
602 3.4315688610076904
603 3.2003726959228516
604 2.4866583347320557
605 2.5246825218200684
606 3.506169319152832
607 3.6518232822418213
608 3.3053126335144043
609 3.099696159362793
610 3.2039763927459717
611 3.541585922241211
612 2.8946468830108643
613 3.1199421882629395
614 3.434828281402588
615 2.770961284637451
616 3.166045665740967
617 2.923405647277832
618 3.2386634349823
619 2.9305100440979004
620 2.557297706604004
621 3.3088815212249756
622 3.7863781452178955
623 3.0979413986206055
624 3.4746525287628174
625 2.6594045162200928
626 3.1492257118225098
627 3.4889609813690186
628 3.006619691848755
629 3.3062515258789062
630 2.6917166709899902
631 3.4922220706939697
632 3.381331443786621
633 3.433486223220825
634 3.091134786605835
635 2.9296371936798096
636 2.80096697807312
637 3.4772515296936035
638 2.9401662349700928
639 2.703158378601074
640 3.3401925563812256
641 3.353917360305786
642 2.69442081451416
643 2.9949846267700195
644 2.7323217391967773
645 3.4113616943359375
646 2.6759419441223145
647 2.8560099601745605
648 3.2517173290252686
649 3.091996431350708
650 2.8746442794799805
651 2.6744446754455566
652 3.138309955596924
653 3.014153242111206
654 3.170618772506714
655 3.2349088191986084
656 2.7148077487945557
657 2.7339589595794678
658 2.8782739639282227
659 2.7046406269073486
660 3.248429298400879
661 2.9796526432037354
662 2.985605001449585
663 2.4874351024627686
664 2.8257603645324707
665 3.2745308876037598
666 2.500192403793335
667 2.932317018508911
668 3.0844969749450684
669 2.6892476081848145
670 2.98512601852417
671 2.272447109222412
672 2.870100259780884
673 2.7596702575683594
674 3.3255796432495117
675 3.0806572437286377
676 3.419752836227417
677 3.4499545097351074
678 2.0936009883880615
679 2.8633861541748047
680 2.877955675125122
681 3.196169376373291
682 2.8405933380126953
683 3.0502569675445557
684 3.4111337661743164
685 2.915904998779297
686 3.0299723148345947
687 3.3128774166107178
688 3.592233657836914
689 3.2078030109405518
690 2.610753297805786
691 3.1020262241363525
692 2.7788283824920654
693 2.9378039836883545
694 2.6384637355804443
695 2.9046969413757324
696 3.365182638168335
697 3.122775077819824
698 3.0338099002838135
699 3.129984140396118
700 2.792759895324707
701 3.1319973468780518
702 2.1544058322906494
703 2.9438815116882324
704 2.814593553543091
705 3.734467029571533
706 3.071276903152466
707 2.728008270263672
708 3.0120601654052734
709 3.1239523887634277
710 3.208963632583618
711 3.03666615486145
712 2.850001096725464
713 2.851757764816284
714 3.00464129447937
715 3.1567540168762207
716 3.1416401863098145
717 3.163508653640747
718 2.7092342376708984
719 3.056598663330078
720 3.0282318592071533
721 2.8317208290100098
722 3.3080878257751465
723 3.0484085083007812
724 2.938694477081299
725 2.7968387603759766
726 3.0064339637756348
727 3.1285738945007324
728 3.2360036373138428
729 3.1261982917785645
730 3.4332022666931152
731 2.5643303394317627
732 2.573413372039795
733 2.793877363204956
734 2.534029960632324
735 3.068881034851074
736 2.3685083389282227
737 2.9813919067382812
738 3.4493987560272217
739 2.574944019317627
740 2.423384189605713
741 2.560344696044922
742 3.0339508056640625
743 2.873624801635742
744 2.5411410331726074
745 2.9180426597595215
746 2.720881223678589
747 2.516005754470825
748 3.0994725227355957
749 2.598431348800659
750 2.8897218704223633
751 3.0588154792785645
752 2.827786922454834
753 3.3293344974517822
754 2.96370267868042
755 2.950575351715088
756 2.887493848800659
757 2.897508144378662
758 2.6578571796417236
759 2.6288363933563232
760 3.12225341796875
761 2.3974733352661133
762 3.2381227016448975
763 2.830021619796753
764 2.570230484008789
765 2.8109705448150635
766 2.5844566822052
767 2.797452688217163
768 3.1870741844177246
769 3.0575308799743652
770 2.81229829788208
771 3.24442720413208
772 2.847240686416626
773 2.577301025390625
774 2.7178795337677
775 2.7811756134033203
776 2.922586679458618
777 2.750154972076416
778 2.3331844806671143
779 3.0855395793914795
780 2.522679090499878
781 2.625265598297119
782 2.8638758659362793
783 2.0535688400268555
784 2.9084978103637695
785 2.6996614933013916
786 2.337287187576294
787 3.009218454360962
788 2.6331429481506348
789 2.8140785694122314
790 2.612934112548828
791 2.630293846130371
792 2.1671054363250732
793 2.4824483394622803
794 2.241647481918335
795 2.445917844772339
796 2.955646514892578
797 2.646899938583374
798 2.8783812522888184
799 2.7780184745788574
800 2.844449520111084
801 3.0446178913116455
802 2.8084664344787598
803 2.803267478942871
804 2.3072144985198975
805 2.8078784942626953
806 3.0472323894500732
807 3.062002658843994
808 2.7554495334625244
809 3.0899553298950195
810 2.7236461639404297
811 2.445622682571411
812 2.943617582321167
813 2.579756498336792
814 2.4635298252105713
815 3.117759943008423
816 2.193256139755249
817 2.9482429027557373
818 2.875617265701294
819 1.9760148525238037
820 2.3254287242889404
821 2.704925537109375
822 2.1485373973846436
823 3.2034707069396973
824 2.7483150959014893
825 2.840613842010498
826 2.480059862136841
827 2.855764865875244
828 2.5753087997436523
829 2.7187819480895996
830 2.3929755687713623
831 2.613513231277466
832 2.9379067420959473
833 2.99648118019104
834 3.0426878929138184
835 2.5968263149261475
836 2.589380979537964
837 2.5349981784820557
838 3.061141014099121
839 2.714055299758911
840 2.9635977745056152
841 3.07434344291687
842 2.8665733337402344
843 2.657991647720337
844 2.372941017150879
845 2.209179639816284
846 2.1988415718078613
847 2.593423366546631
848 2.921963691711426
849 2.3525500297546387
850 2.501598596572876
851 2.4691429138183594
852 3.0275278091430664
853 2.449613094329834
854 2.975672960281372
855 2.1092379093170166
856 2.576108932495117
857 2.182605743408203
858 2.127502918243408
859 2.816464424133301
860 2.688647508621216
861 2.5815036296844482
862 2.5712571144104004
863 2.4313924312591553
864 2.9215636253356934
865 2.664153575897217
866 2.410198926925659
867 1.8893885612487793
868 2.537860631942749
869 2.7944741249084473
870 2.5379722118377686
871 2.434558391571045
872 2.8669652938842773
873 2.2282028198242188
874 2.3592100143432617
875 2.7136390209198
876 3.1158320903778076
877 2.363611936569214
878 2.4509263038635254
879 2.401444673538208
880 2.8546979427337646
881 2.503652572631836
882 3.2644267082214355
883 2.380256175994873
884 2.738386631011963
885 2.270676374435425
886 2.6931192874908447
887 2.4020142555236816
888 2.1423187255859375
889 2.9345829486846924
890 2.2122550010681152
891 2.803419828414917
892 2.8255088329315186
893 2.845681667327881
894 3.4780385494232178
895 1.9696203470230103
896 2.6485066413879395
897 2.59560227394104
898 2.6934797763824463
899 3.118467330932617
900 2.4526920318603516
901 2.6309738159179688
902 2.492371082305908
903 3.0234012603759766
904 2.2544984817504883
905 2.9540393352508545
906 2.1588852405548096
907 2.7654569149017334
908 2.930224657058716
909 2.127329111099243
910 3.0016651153564453
911 2.550462484359741
912 2.334183931350708
913 2.3965847492218018
914 2.481147050857544
915 2.893378257751465
916 3.055797576904297
917 2.866875648498535
918 2.082144260406494
919 2.608466863632202
920 2.9287517070770264
921 2.0450050830841064
922 2.3617451190948486
923 2.3640689849853516
924 2.145698070526123
925 2.8422915935516357
926 1.9502158164978027
927 2.288329839706421
928 2.259679079055786
929 2.0349442958831787
930 2.981961727142334
931 2.4670093059539795
932 2.8268566131591797
933 2.7267649173736572
934 2.3754420280456543
935 2.0552659034729004
936 2.209821939468384
937 2.2631444931030273
938 2.377009630203247
939 2.344423770904541
940 1.9262402057647705
941 2.157710075378418
942 2.280165910720825
943 2.6023387908935547
944 2.769845724105835
945 2.302915334701538
946 2.236978530883789
947 1.9480609893798828
948 3.072293281555176
949 2.775981903076172
950 3.1522841453552246
951 2.7595012187957764
952 2.1780636310577393
953 2.495976209640503
954 2.6481094360351562
955 2.522634744644165
956 2.231635332107544
957 2.3517749309539795
958 2.3802990913391113
959 2.2984180450439453
960 2.5876898765563965
961 2.1827213764190674
962 2.852776288986206
963 2.4717540740966797
964 2.353111982345581
965 2.2182164192199707
966 2.7146196365356445
967 2.7714223861694336
968 2.780294895172119
969 2.3232295513153076
970 2.562492847442627
971 2.4163479804992676
972 2.5554440021514893
973 2.7692172527313232
974 2.8599483966827393
975 2.387218952178955
976 1.956753134727478
977 2.658268451690674
978 2.0521321296691895
979 2.4879846572875977
980 2.8354055881500244
981 1.9401516914367676
982 2.5842034816741943
983 2.7833597660064697
984 2.1134192943573
985 2.315582513809204
986 2.5339431762695312
987 2.5967471599578857
988 2.4902148246765137
989 3.0012667179107666
990 2.4886090755462646
991 2.582846164703369
992 2.571763753890991
993 2.666642189025879
994 2.2182788848876953
995 2.220147132873535
996 2.1938869953155518
997 2.1735153198242188
998 2.6408190727233887
999 2.7127201557159424
1000 2.3586411476135254
0 27.518903732299805
0 4.144233226776123
0 704.4649658203125
0 3.988565444946289
0 29.698528289794922
0 12.309443473815918
1 10.976007461547852
2 13.43271541595459
3 4.957217216491699
4 6.516936779022217
5 20.78487777709961
6 12.847845077514648
7 4.976834297180176
8 9.493306159973145
9 8.220321655273438
10 11.669398307800293
11 9.153852462768555
12 8.446077346801758
13 8.432791709899902
14 8.971617698669434
15 6.049516677856445
16 10.746954917907715
17 4.166101932525635
18 6.999133110046387
19 8.164607048034668
20 11.565309524536133
21 8.0443696975708
22 5.587620258331299
23 5.907413005828857
24 4.324820518493652
25 8.3129301071167
26 4.352916240692139
27 10.090590476989746
28 5.973428726196289
29 6.011887550354004
30 10.78305721282959
31 12.095420837402344
32 4.277161121368408
33 11.532577514648438
34 6.483548164367676
