0 26.678478240966797
1 15.646207809448242
2 14.219266891479492
3 11.647953033447266
4 30.16448974609375
5 17.29365348815918
6 20.30052947998047
7 22.696083068847656
8 24.63836097717285
9 20.60380744934082
10 19.196250915527344
11 23.22409439086914
12 19.655000686645508
13 13.622795104980469
14 20.359619140625
15 11.428857803344727
16 25.239887237548828
17 11.05137825012207
18 18.007192611694336
19 19.575439453125
20 19.9505615234375
21 19.0720157623291
22 23.632808685302734
23 10.533805847167969
24 24.319738388061523
25 17.486976623535156
26 15.500335693359375
27 22.682945251464844
28 12.208064079284668
29 16.19062042236328
30 14.591989517211914
31 18.92415428161621
32 16.5767879486084
33 24.83662223815918
34 10.339077949523926
35 22.14900016784668
36 15.640312194824219
37 12.885509490966797
38 21.308996200561523
39 17.171878814697266
40 18.219682693481445
41 15.055359840393066
42 20.13591766357422
43 12.525259017944336
44 11.829163551330566
45 14.23479175567627
46 9.390792846679688
47 13.534173011779785
48 10.505878448486328
49 14.809006690979004
50 23.079727172851562
51 8.516395568847656
52 14.750710487365723
53 9.080589294433594
54 13.73539924621582
55 18.275249481201172
56 15.418618202209473
57 10.10157299041748
58 13.547089576721191
59 14.573354721069336
60 12.8655366897583
61 17.685340881347656
62 15.244290351867676
63 17.682649612426758
64 13.658926010131836
65 10.362536430358887
66 11.768216133117676
67 10.405197143554688
68 14.124062538146973
69 13.802837371826172
70 17.044715881347656
71 16.860719680786133
72 10.86581039428711
73 18.333648681640625
74 18.962303161621094
75 14.130995750427246
76 13.055527687072754
77 11.51594066619873
78 10.571183204650879
79 14.295455932617188
80 14.379751205444336
81 13.84653377532959
82 18.558059692382812
83 14.300177574157715
84 11.799015998840332
85 10.440317153930664
86 11.770219802856445
87 14.737442970275879
88 13.273681640625
89 11.0231351852417
90 14.388853073120117
91 14.68511962890625
92 12.440199851989746
93 13.24432373046875
94 7.987844467163086
95 6.903199195861816
96 6.435258865356445
97 11.847833633422852
98 8.097294807434082
99 10.403834342956543
100 9.411825180053711
101 16.41273307800293
102 13.480842590332031
103 9.542047500610352
104 10.998391151428223
105 9.09512710571289
106 14.128202438354492
107 12.562881469726562
108 10.00306510925293
109 8.455081939697266
110 12.561230659484863
111 11.706893920898438
112 8.93127727508545
113 9.06898021697998
114 11.5848970413208
115 11.579195022583008
116 10.312122344970703
117 5.6272664070129395
118 5.427219390869141
119 9.960493087768555
120 10.842300415039062
121 4.718989372253418
122 8.164284706115723
123 8.950291633605957
124 7.061155319213867
125 5.095732688903809
126 10.472972869873047
127 10.660080909729004
128 5.275705814361572
129 6.8614301681518555
130 6.162774562835693
131 13.338794708251953
132 5.658684253692627
133 5.147851943969727
134 6.440636157989502
135 5.110771179199219
136 11.018628120422363
137 7.488479137420654
138 11.069836616516113
139 5.554332256317139
140 8.766502380371094
141 8.224504470825195
142 5.850912570953369
143 5.951091289520264
144 8.340926170349121
145 6.569540500640869
146 7.778796672821045
147 4.969001293182373
148 7.431746959686279
149 6.242223739624023
150 5.647995471954346
151 8.708396911621094
152 5.143889904022217
153 7.223247528076172
154 6.305492877960205
155 5.474898815155029
156 5.386326313018799
157 7.872283458709717
158 4.379886627197266
159 6.498171329498291
160 7.675899028778076
161 5.127717971801758
162 8.30944538116455
163 6.483038425445557
164 5.311448574066162
165 4.792050361633301
166 5.0623459815979
167 6.361752510070801
168 5.4875946044921875
169 6.332597732543945
170 5.573305130004883
171 4.339091777801514
172 5.343602657318115
173 8.16110610961914
174 6.17704963684082
175 5.323079586029053
176 7.202126502990723
177 3.968726396560669
178 6.557944297790527
179 4.113457679748535
180 4.850642681121826
181 5.511760234832764
182 3.926089286804199
183 5.125842571258545
184 4.79501485824585
185 5.714046478271484
186 4.32210636138916
187 6.487849712371826
188 4.5963215827941895
189 4.595802307128906
190 3.833076238632202
191 4.593320846557617
192 5.122368335723877
193 3.705048084259033
194 6.710686206817627
195 3.232344627380371
196 3.9731478691101074
197 3.864250898361206
198 3.696964740753174
199 4.123141288757324
200 3.6160566806793213
201 3.378146171569824
202 4.031820774078369
203 3.431795835494995
204 4.444746017456055
205 3.6532421112060547
206 3.3642330169677734
207 3.6462342739105225
208 4.087944984436035
209 3.412440776824951
210 4.318119049072266
211 3.0868752002716064
212 3.063929319381714
213 3.2112207412719727
214 4.653257846832275
215 3.8039004802703857
216 2.9496243000030518
217 4.300445079803467
218 3.1786553859710693
219 3.44254469871521
220 3.6437337398529053
221 3.9549360275268555
222 2.684570074081421
223 3.1888110637664795
224 3.0446462631225586
225 3.889148235321045
226 2.777933120727539
227 2.676569700241089
228 3.1559979915618896
229 2.726768970489502
230 2.8657286167144775
231 2.5159192085266113
232 4.744182109832764
233 3.563424587249756
234 3.4049391746520996
235 2.1451151371002197
236 2.70626163482666
237 4.076999664306641
238 2.316817283630371
239 3.1827545166015625
240 2.4744973182678223
241 2.0821924209594727
242 2.9864401817321777
243 2.853851318359375
244 3.145922899246216
245 2.937321662902832
246 2.5679738521575928
247 2.8725483417510986
248 2.395359992980957
249 2.7650301456451416
250 2.6796720027923584
251 2.429145336151123
252 3.0046112537384033
253 2.125523805618286
254 2.0930888652801514
255 2.481374979019165
256 2.6574695110321045
257 1.9958341121673584
258 2.415585517883301
259 2.48405385017395
260 2.969268560409546
261 2.6847565174102783
262 2.5671403408050537
263 2.354431629180908
264 2.4171881675720215
265 2.0049350261688232
266 2.081758975982666
267 3.278749704360962
268 2.382225275039673
269 2.8506689071655273
270 1.8997844457626343
271 2.770872116088867
272 2.0727856159210205
273 2.126145124435425
274 2.494692802429199
275 2.4514551162719727
276 3.0111470222473145
277 2.5319876670837402
278 2.6202666759490967
279 1.940219759941101
280 2.375472068786621
281 2.475531816482544
282 2.159116268157959
283 3.513505458831787
284 2.3409223556518555
285 2.100613594055176
286 2.2040653228759766
287 2.6192262172698975
288 2.6874301433563232
289 2.089909553527832
290 1.9830760955810547
291 2.5549263954162598
292 2.415523052215576
293 2.5881543159484863
294 2.0440218448638916
295 2.170164108276367
296 2.1388514041900635
297 1.6280659437179565
298 2.042876720428467
299 2.290827512741089
300 2.172117233276367
301 2.218437671661377
302 2.1349070072174072
303 1.5609865188598633
304 2.2827229499816895
305 2.80666184425354
306 2.2518157958984375
307 2.3971314430236816
308 2.4486351013183594
309 2.3765597343444824
310 2.2590599060058594
311 2.3517532348632812
312 3.190455675125122
313 2.145061492919922
314 2.505777359008789
315 2.0544097423553467
316 2.2276108264923096
317 2.219395875930786
318 2.692533254623413
319 2.661501884460449
320 2.5824031829833984
321 2.290719985961914
322 2.306433916091919
323 2.1948070526123047
324 2.5375571250915527
325 2.3953490257263184
326 1.9432941675186157
327 1.8008888959884644
328 2.1479315757751465
329 2.2113866806030273
330 2.589064121246338
331 2.0924808979034424
332 2.036088466644287
333 1.7817561626434326
334 3.7640388011932373
335 1.982367992401123
336 2.2667083740234375
337 2.2736434936523438
338 1.8193780183792114
339 2.0326035022735596
340 1.8669116497039795
341 2.1698617935180664
342 2.179091691970825
343 2.0576136112213135
344 2.432905912399292
345 2.196298599243164
346 2.0397982597351074
347 1.7233736515045166
348 2.017047166824341
349 2.767543315887451
350 2.887566089630127
351 2.2726452350616455
352 2.4101831912994385
353 2.194631338119507
354 2.6944193840026855
355 2.3006808757781982
356 2.4837698936462402
357 1.8557151556015015
358 2.464506149291992
359 2.429870367050171
360 2.3454298973083496
361 2.1269619464874268
362 2.118612289428711
363 2.0843002796173096
364 2.4877405166625977
365 2.1812989711761475
366 2.087092638015747
367 2.3430964946746826
368 2.4886813163757324
369 2.4020447731018066
370 2.538011074066162
371 2.300656318664551
372 2.258518934249878
373 2.316913604736328
374 2.3309433460235596
375 2.424945592880249
376 2.0046699047088623
377 2.1032748222351074
378 1.9938300848007202
379 2.584507942199707
380 2.2580296993255615
381 1.8905223608016968
382 2.2619845867156982
383 2.0594077110290527
384 2.1899802684783936
385 2.5630383491516113
386 1.7908165454864502
387 2.113574981689453
388 2.018095016479492
389 1.983910322189331
390 3.009969711303711
391 2.200058698654175
392 2.190340042114258
393 2.0941390991210938
394 1.8963028192520142
395 1.9590402841567993
396 1.7179731130599976
397 2.10606050491333
398 1.9661858081817627
399 2.0631303787231445
400 2.10431170463562
401 2.4485511779785156
402 2.125664472579956
403 2.1775739192962646
404 2.055253028869629
405 1.8589212894439697
406 2.023803234100342
407 1.8491283655166626
408 2.499701499938965
409 2.300241708755493
410 1.8966455459594727
411 1.7345616817474365
412 2.608001232147217
413 1.751558780670166
414 2.290015697479248
415 2.358062267303467
416 2.8130712509155273
417 1.959971308708191
418 2.014179229736328
419 2.2519564628601074
420 1.702134370803833
421 2.0917317867279053
422 1.7784727811813354
423 2.0046451091766357
424 1.8493798971176147
425 1.8979120254516602
426 2.034146785736084
427 2.667428731918335
428 1.7010650634765625
429 2.61541748046875
430 2.5696654319763184
431 2.191520929336548
432 1.7446787357330322
433 1.7459169626235962
434 2.2120156288146973
435 1.7985002994537354
436 1.8849542140960693
437 2.1708192825317383
438 2.1792473793029785
439 2.058206796646118
440 2.2343575954437256
441 2.454188823699951
442 1.9959716796875
443 1.845804214477539
444 2.0192646980285645
445 1.9259328842163086
446 1.9248136281967163
447 2.555299997329712
448 1.824844479560852
449 1.6290003061294556
450 2.0423312187194824
451 1.8675061464309692
452 2.2785534858703613
453 1.9429892301559448
454 1.9658626317977905
455 2.326329469680786
456 2.173076868057251
457 1.9880722761154175
458 2.317598819732666
459 2.0181612968444824
460 2.039869785308838
461 1.6629575490951538
462 2.1210038661956787
463 2.1432344913482666
464 2.435894250869751
465 1.8790956735610962
466 2.1184468269348145
467 1.9451786279678345
468 1.877777338027954
469 2.4451355934143066
470 2.269385814666748
471 2.230987548828125
472 2.1932528018951416
473 2.4745054244995117
474 2.569075107574463
475 1.886157512664795
476 1.7640506029129028
477 1.8416293859481812
478 1.9803433418273926
479 2.3770501613616943
480 2.196895122528076
481 2.2281785011291504
482 2.0627658367156982
483 1.7321045398712158
484 1.9336886405944824
485 3.4057514667510986
486 2.0728180408477783
487 2.1200475692749023
488 1.8444175720214844
489 2.091168165206909
490 2.393338203430176
491 1.8780083656311035
492 1.8229666948318481
493 2.3906655311584473
494 1.967629075050354
495 2.0699331760406494
496 2.1264286041259766
497 2.4370815753936768
498 1.7378863096237183
499 1.845733880996704
500 3.036190986633301
501 2.0280377864837646
502 1.8111412525177002
503 2.0709829330444336
504 2.4280409812927246
505 1.9881867170333862
506 2.6240670680999756
507 2.169785976409912
508 2.214850902557373
509 2.253126859664917
510 1.8325951099395752
511 1.67864191532135
512 1.9011719226837158
513 1.9588655233383179
514 1.9203158617019653
515 2.011600971221924
516 2.0486042499542236
517 2.0502333641052246
518 2.0956099033355713
519 1.950042724609375
520 1.7799440622329712
521 1.8945865631103516
522 1.9475668668746948
523 2.9163949489593506
524 2.223621129989624
525 2.239471673965454
526 1.8900412321090698
527 1.9040021896362305
528 1.977476954460144
529 2.26119327545166
530 2.309366226196289
531 1.89065682888031
532 1.875002384185791
533 1.7681595087051392
534 1.916736364364624
535 2.1232211589813232
536 1.709662675857544
537 1.7934750318527222
538 1.821287989616394
539 2.2376248836517334
540 1.8816416263580322
541 1.9427542686462402
542 2.0594489574432373
543 2.0289371013641357
544 1.7912538051605225
545 2.0576937198638916
546 1.7684757709503174
547 1.7729687690734863
548 1.575192928314209
549 2.027569055557251
550 1.9558409452438354
551 2.1411492824554443
552 2.1377508640289307
553 1.5311939716339111
554 2.1819233894348145
555 1.873896598815918
556 1.7578959465026855
557 2.3188862800598145
558 1.659946084022522
559 2.470529317855835
560 2.2759604454040527
561 1.8223960399627686
562 1.7722336053848267
563 2.027921676635742
564 1.7531514167785645
565 2.1817269325256348
566 2.354118585586548
567 1.8777666091918945
568 1.7485473155975342
569 1.856252908706665
570 2.0963127613067627
571 2.1183881759643555
572 2.343824625015259
573 2.015294075012207
574 1.8358750343322754
575 2.2360124588012695
576 1.8293858766555786
577 1.8138622045516968
578 1.9236232042312622
579 2.0772619247436523
580 1.9786672592163086
581 1.7215336561203003
582 1.8351613283157349
583 1.8748942613601685
584 1.4918484687805176
585 2.0225608348846436
586 2.3040096759796143
587 2.0450215339660645
588 2.134932279586792
589 1.996242642402649
590 1.8508079051971436
591 1.5416356325149536
592 2.437819719314575
593 1.711264967918396
594 2.251969575881958
595 1.6557214260101318
596 1.757293701171875
597 2.127519130706787
598 2.2202320098876953
599 2.1508054733276367
600 2.286930561065674
601 1.8469374179840088
602 2.0153305530548096
603 2.131845712661743
604 1.6633268594741821
605 2.010061740875244
606 2.194246292114258
607 2.7784535884857178
608 1.7189639806747437
609 2.079078197479248
610 1.9823013544082642
611 1.9811745882034302
612 1.8122632503509521
613 1.8950581550598145
614 2.2013163566589355
615 1.8881158828735352
616 1.921006441116333
617 2.0259575843811035
618 2.2511727809906006
619 2.180478811264038
620 2.6075174808502197
621 2.0174829959869385
622 1.8377286195755005
623 1.8507285118103027
624 1.9157278537750244
625 1.9738024473190308
626 1.9234801530838013
627 2.0250840187072754
628 1.9219269752502441
629 2.0600688457489014
630 1.985642671585083
631 1.8672409057617188
632 1.9534013271331787
633 2.127119541168213
634 1.9940247535705566
635 1.8281117677688599
636 1.9243617057800293
637 1.9992846250534058
638 2.610062599182129
639 2.1178863048553467
640 1.7764003276824951
641 2.022691249847412
642 2.124140501022339
643 1.9409496784210205
644 1.6896880865097046
645 2.4232544898986816
646 2.2583751678466797
647 2.1427652835845947
648 2.153219223022461
649 2.189438581466675
650 1.9570049047470093
651 2.031144857406616
652 2.0540542602539062
653 2.1104819774627686
654 1.8182893991470337
655 1.7876237630844116
656 2.2781996726989746
657 2.4013309478759766
658 2.2054996490478516
659 1.9197977781295776
660 1.8206698894500732
661 1.9276013374328613
662 1.9775142669677734
663 2.0040273666381836
664 2.55298113822937
665 2.1618428230285645
666 2.174180507659912
667 2.0859405994415283
668 1.8013513088226318
669 2.007119655609131
670 1.8106255531311035
671 1.6617120504379272
672 2.0892088413238525
673 2.0218727588653564
674 1.6048760414123535
675 1.9384779930114746
676 1.8315303325653076
677 2.088911294937134
678 1.989382028579712
679 1.9340983629226685
680 2.1095163822174072
681 2.2730557918548584
682 1.7359850406646729
683 1.8484385013580322
684 1.970001220703125
685 2.154050588607788
686 1.7731536626815796
687 1.712490439414978
688 2.075593948364258
689 1.9421005249023438
690 1.8412724733352661
691 1.5547983646392822
692 1.8372808694839478
693 1.949349284172058
694 1.588515281677246
695 1.609375238418579
696 1.692665934562683
697 1.809152364730835
698 1.8105969429016113
699 1.9174871444702148
700 1.7669404745101929
701 2.250563859939575
702 1.980863094329834
703 2.643301486968994
704 1.98579740524292
705 2.0808053016662598
706 1.725530982017517
707 1.647239089012146
708 1.8624697923660278
709 2.0026087760925293
710 2.103877544403076
711 1.662764310836792
712 1.4895639419555664
713 1.970492959022522
714 1.735381007194519
715 1.8829950094223022
716 1.8753727674484253
717 1.8800907135009766
718 1.9078567028045654
719 1.8590548038482666
720 2.2204723358154297
721 1.6784024238586426
722 2.024946689605713
723 2.0675201416015625
724 1.6217553615570068
725 2.0118377208709717
726 1.9960376024246216
727 1.800146222114563
728 1.711892008781433
729 2.135535478591919
730 1.66281259059906
731 2.032209873199463
732 1.6495903730392456
733 1.6505481004714966
734 2.0954630374908447
735 1.9414763450622559
736 2.020612955093384
737 1.8057905435562134
738 2.1159496307373047
739 1.80423104763031
740 1.787533164024353
741 2.128464460372925
742 2.1616945266723633
743 2.0418953895568848
744 1.649832010269165
745 1.7830126285552979
746 1.8496131896972656
747 2.1036853790283203
748 1.907856822013855
749 2.1416821479797363
750 1.8628617525100708
751 2.3396027088165283
752 2.0056979656219482
753 1.8448946475982666
754 1.669026255607605
755 2.0772533416748047
756 1.5621615648269653
757 2.2461376190185547
758 2.024686813354492
759 2.1873488426208496
760 1.8195698261260986
761 1.8175928592681885
762 1.932966947555542
763 2.4839513301849365
764 1.8007183074951172
765 1.8254814147949219
766 1.9236693382263184
767 1.8108426332473755
768 1.7406606674194336
769 1.805569052696228
770 1.8386136293411255
771 2.136936902999878
772 1.4794105291366577
773 1.7718257904052734
774 1.6860066652297974
775 1.839564323425293
776 2.295488119125366
777 1.5824599266052246
778 2.3065905570983887
779 1.747332215309143
780 1.9865994453430176
781 1.6621989011764526
782 2.016218423843384
783 1.9800618886947632
784 1.6461697816848755
785 2.192348003387451
786 1.7607088088989258
787 3.200709819793701
788 2.057363271713257
789 1.941178560256958
790 1.8379026651382446
791 1.9873112440109253
792 1.7805960178375244
793 1.767124056816101
794 2.30228328704834
795 1.899330735206604
796 1.8394633531570435
797 2.0884222984313965
798 2.0338263511657715
799 1.7132307291030884
800 1.8582029342651367
801 1.850841999053955
802 2.2072219848632812
803 1.929689645767212
804 1.8888810873031616
805 1.8886969089508057
806 1.915138602256775
807 1.6731163263320923
808 1.9495047330856323
809 1.9409816265106201
810 2.247460126876831
811 1.8542855978012085
812 1.641802191734314
813 1.792781949043274
814 2.0626919269561768
815 2.2137436866760254
816 1.6376992464065552
817 2.1991968154907227
818 1.6712186336517334
819 1.9314087629318237
820 1.928299069404602
821 2.1623456478118896
822 2.0352602005004883
823 2.106449842453003
824 2.018847942352295
825 2.092772960662842
826 1.989168643951416
827 1.7793896198272705
828 1.8847891092300415
829 1.7595982551574707
830 1.995338797569275
831 1.73686945438385
832 1.890051007270813
833 1.7952367067337036
834 1.8842297792434692
835 1.6436420679092407
836 1.7669607400894165
837 2.1064960956573486
838 1.7956207990646362
839 1.5714404582977295
840 2.1749207973480225
841 2.390780210494995
842 1.9396408796310425
843 2.3317129611968994
844 1.8899933099746704
845 2.0856268405914307
846 1.9027971029281616
847 1.8545728921890259
848 1.9215219020843506
849 2.2617955207824707
850 1.7492804527282715
851 1.7417843341827393
852 1.8084831237792969
853 2.1869900226593018
854 1.7184792757034302
855 2.3422765731811523
856 1.8834670782089233
857 1.6984254121780396
858 1.8842650651931763
859 1.8140830993652344
860 1.7721847295761108
861 1.9250891208648682
862 1.8198450803756714
863 1.7939006090164185
864 1.6536263227462769
865 2.2272956371307373
866 2.337381601333618
867 1.581861972808838
868 1.9891575574874878
869 2.2639787197113037
870 1.5623462200164795
871 1.7446364164352417
872 1.6526576280593872
873 1.5157092809677124
874 1.714515209197998
875 1.5286632776260376
876 2.2176403999328613
877 2.0834553241729736
878 1.3944634199142456
879 1.94777512550354
880 2.032993793487549
881 1.943006157875061
882 1.3386995792388916
883 2.3272790908813477
884 1.9825694561004639
885 1.649865984916687
886 2.3564157485961914
887 1.767417550086975
888 1.7008309364318848
889 2.0878353118896484
890 1.7120839357376099
891 1.803963541984558
892 1.7957220077514648
893 2.1760261058807373
894 2.1192502975463867
895 1.8312345743179321
896 1.9248229265213013
897 2.284982681274414
898 1.8471806049346924
899 1.842044711112976
900 1.9197083711624146
901 1.759504795074463
902 2.013533592224121
903 1.6875662803649902
904 1.9952635765075684
905 2.2916476726531982
906 1.9743822813034058
907 1.6755080223083496
908 1.7833715677261353
909 1.844541311264038
910 1.9295414686203003
911 1.8341859579086304
912 1.7935606241226196
913 1.8831919431686401
914 1.9033350944519043
915 1.8828119039535522
916 2.1392505168914795
917 1.6056402921676636
918 1.7988864183425903
919 1.7513892650604248
920 1.855332612991333
921 1.9902052879333496
922 2.0094785690307617
923 2.1206066608428955
924 1.593684196472168
925 1.8424227237701416
926 1.8369919061660767
927 1.7364834547042847
928 1.6198357343673706
929 1.8750474452972412
930 2.1818225383758545
931 1.6570675373077393
932 1.829323172569275
933 1.6025538444519043
934 1.602142333984375
935 1.692116618156433
936 1.6952097415924072
937 2.042611598968506
938 2.1359922885894775
939 1.9632099866867065
940 1.65287184715271
941 1.773847222328186
942 1.8157166242599487
943 1.936789870262146
944 1.7808667421340942
945 1.6808189153671265
946 1.749422311782837
947 1.635912537574768
948 1.5439685583114624
949 2.009145975112915
950 1.9622178077697754
951 1.5782676935195923
952 1.9435234069824219
953 1.747122049331665
954 1.462811827659607
955 2.292762517929077
956 1.8097741603851318
957 1.7476189136505127
958 2.0244431495666504
959 1.4799072742462158
960 1.8845068216323853
961 1.5875093936920166
962 2.1098175048828125
963 1.768505573272705
964 2.003166675567627
965 2.3072502613067627
966 1.9930442571640015
967 1.8427916765213013
968 1.9851551055908203
969 1.7919907569885254
970 2.0534605979919434
971 2.312845468521118
972 1.809715986251831
973 1.8543872833251953
974 2.0706636905670166
975 1.801596999168396
976 2.406370162963867
977 1.7830495834350586
978 1.7634258270263672
979 1.9823814630508423
980 2.0345640182495117
981 2.055952548980713
982 1.5214176177978516
983 1.7534326314926147
984 2.1169159412384033
985 1.6470308303833008
986 1.7442915439605713
987 1.738191843032837
988 2.114819288253784
989 1.7595884799957275
990 1.6737200021743774
991 1.7554036378860474
992 1.7081557512283325
993 2.013765811920166
994 1.9859938621520996
995 2.1038973331451416
996 1.9974024295806885
997 2.1152865886688232
998 1.7137166261672974
999 1.9509254693984985
1000 1.8497955799102783
1001 1.5916129350662231
1002 1.8759005069732666
1003 2.0671396255493164
1004 1.8431787490844727
1005 2.167452812194824
1006 1.9166271686553955
1007 2.041848659515381
1008 1.903075098991394
1009 2.5191216468811035
1010 1.8568854331970215
1011 1.7210443019866943
1012 1.7263588905334473
1013 1.8281195163726807
1014 1.789379358291626
1015 1.9927396774291992
1016 1.8083926439285278
1017 1.9200732707977295
1018 1.9756100177764893
1019 1.941460132598877
1020 1.7028758525848389
1021 1.8387762308120728
1022 1.6179331541061401
1023 1.8313238620758057
1024 2.284593105316162
1025 1.8108845949172974
1026 1.6263920068740845
1027 2.0181076526641846
1028 2.103210687637329
1029 1.6831047534942627
1030 1.9730154275894165
1031 1.7418339252471924
1032 1.9227622747421265
1033 1.9238898754119873
1034 1.6040598154067993
1035 1.6573959589004517
1036 1.523217797279358
1037 2.309922695159912
1038 1.993149757385254
1039 1.7491258382797241
1040 2.070533275604248
1041 1.9088979959487915
1042 1.6158897876739502
1043 1.6632431745529175
1044 1.6116175651550293
1045 1.6072555780410767
1046 1.972509503364563
1047 2.162790536880493
1048 2.0334651470184326
1049 1.9529404640197754
1050 2.128873825073242
1051 2.0027685165405273
1052 1.7778308391571045
1053 2.0087802410125732
1054 1.8301358222961426
1055 1.7339372634887695
1056 2.0381436347961426
1057 1.9382317066192627
1058 2.170302629470825
1059 1.78621244430542
1060 1.969323754310608
1061 1.9782251119613647
1062 2.0195534229278564
1063 1.9301269054412842
1064 1.8049228191375732
1065 1.9819217920303345
1066 1.9144331216812134
1067 1.8052432537078857
1068 2.047441005706787
1069 2.1422667503356934
1070 1.953076958656311
1071 2.036674737930298
1072 1.9226096868515015
1073 1.8704602718353271
1074 1.9098765850067139
1075 1.7556513547897339
1076 1.8932722806930542
1077 1.9016166925430298
1078 1.682274580001831
1079 1.835886836051941
1080 1.835856556892395
1081 1.8719370365142822
1082 1.8074597120285034
1083 1.9430652856826782
1084 1.838728904724121
1085 1.7949014902114868
1086 2.168747901916504
1087 2.323418378829956
1088 1.599912166595459
1089 1.6284065246582031
1090 1.6828229427337646
1091 1.867479920387268
1092 2.209993839263916
1093 1.4405195713043213
1094 1.9977585077285767
1095 1.8676741123199463
1096 1.8859578371047974
1097 1.9294692277908325
1098 1.8385403156280518
1099 1.5885971784591675
1100 1.8995391130447388
1101 1.860641598701477
1102 1.8769673109054565
1103 1.5565840005874634
1104 2.039081573486328
1105 1.849022626876831
1106 2.220625877380371
1107 2.0857200622558594
1108 1.8445711135864258
1109 1.73233962059021
1110 3.074558973312378
1111 1.9068433046340942
1112 1.8032015562057495
1113 1.9401369094848633
1114 1.9884377717971802
1115 1.487728238105774
1116 2.093994617462158
1117 1.9110987186431885
1118 2.652519941329956
1119 1.7896918058395386
1120 1.789026141166687
1121 1.8677332401275635
1122 2.0788989067077637
1123 1.8306224346160889
1124 1.9761556386947632
1125 1.8777114152908325
1126 2.121635675430298
1127 2.1296982765197754
1128 1.7745442390441895
1129 1.649395227432251
1130 2.1930248737335205
1131 1.926285982131958
1132 1.5713770389556885
1133 1.5970826148986816
1134 2.0998432636260986
1135 2.0194668769836426
1136 1.744776964187622
1137 1.7600369453430176
1138 1.741599678993225
1139 1.8746697902679443
1140 1.6437700986862183
1141 2.0862250328063965
1142 2.0105338096618652
1143 1.8395780324935913
1144 2.194424629211426
1145 1.782178521156311
1146 1.5690441131591797
1147 1.7690465450286865
1148 2.072831392288208
1149 2.0141923427581787
1150 1.9339487552642822
1151 2.215705633163452
1152 1.888167142868042
1153 2.016993284225464
1154 1.855189323425293
1155 1.7787736654281616
1156 1.9513274431228638
1157 1.7673417329788208
1158 1.8207744359970093
1159 1.9165873527526855
1160 1.7347904443740845
1161 1.8378444910049438
1162 1.8007878065109253
1163 1.7975722551345825
1164 2.1209120750427246
1165 1.8420240879058838
1166 2.0087931156158447
1167 1.779969334602356
1168 1.9868431091308594
1169 1.8215289115905762
1170 1.814992904663086
1171 1.7035980224609375
1172 1.6568772792816162
1173 1.8499536514282227
1174 1.7194722890853882
1175 1.8080345392227173
1176 1.9373676776885986
1177 1.9768764972686768
1178 1.9555166959762573
1179 1.8505032062530518
1180 1.9482513666152954
1181 2.005897283554077
1182 1.744893193244934
1183 2.0366599559783936
1184 1.9257421493530273
1185 1.8365371227264404
1186 1.9259026050567627
1187 2.387826919555664
1188 1.727192759513855
1189 1.9253363609313965
1190 1.7607142925262451
1191 2.0103988647460938
1192 1.9151793718338013
1193 1.9643415212631226
1194 1.90129554271698
1195 1.7912973165512085
1196 2.046156883239746
1197 1.737922191619873
1198 1.6852941513061523
1199 1.8472446203231812
1200 1.640309453010559
1201 2.1614832878112793
1202 1.9719209671020508
1203 2.110363245010376
1204 2.1132009029388428
1205 2.0676345825195312
1206 2.0042614936828613
1207 1.9300177097320557
1208 1.6588584184646606
1209 1.9055184125900269
1210 1.8652710914611816
1211 1.887176752090454
1212 1.8244030475616455
1213 1.708338975906372
1214 1.9439314603805542
1215 1.8910260200500488
1216 1.5919039249420166
1217 2.1648976802825928
1218 1.7786650657653809
1219 2.001965284347534
1220 1.7207105159759521
1221 1.7286971807479858
1222 1.890806794166565
1223 1.845102071762085
1224 1.956653356552124
1225 1.744439721107483
1226 1.9039925336837769
1227 2.156830072402954
1228 1.9440470933914185
1229 1.979686975479126
1230 2.3546156883239746
1231 1.7129261493682861
1232 2.065480947494507
1233 1.854795217514038
1234 2.0694973468780518
1235 1.509379506111145
1236 1.6551893949508667
1237 1.9145557880401611
1238 1.6795718669891357
1239 2.1108744144439697
1240 1.8204799890518188
1241 1.8303980827331543
1242 1.606842041015625
1243 1.8349026441574097
1244 1.9826524257659912
1245 1.7976888418197632
1246 1.8205833435058594
1247 1.8219432830810547
1248 1.6528514623641968
1249 2.2740237712860107
1250 1.8299943208694458
1251 1.9899579286575317
1252 1.591068148612976
1253 1.7740774154663086
1254 2.0172252655029297
1255 1.7100125551223755
1256 1.8403384685516357
1257 1.9185694456100464
1258 1.6434811353683472
1259 2.1282081604003906
1260 1.8141809701919556
1261 1.8448013067245483
1262 1.6351193189620972
1263 1.5960444211959839
1264 2.10898494720459
1265 1.5478538274765015
1266 2.190659999847412
1267 2.15736722946167
1268 1.8997236490249634
1269 2.027022123336792
1270 2.2784430980682373
1271 1.752907633781433
1272 1.6475802659988403
1273 2.2525522708892822
1274 1.5871633291244507
1275 1.9965397119522095
1276 2.0642130374908447
1277 1.8101238012313843
1278 1.8682669401168823
1279 1.8238792419433594
1280 2.29184889793396
1281 1.6686983108520508
1282 1.7845690250396729
1283 1.942014217376709
1284 1.9360034465789795
1285 1.7820593118667603
1286 1.661485195159912
1287 1.5320541858673096
1288 1.8806023597717285
1289 1.9676060676574707
1290 1.6505415439605713
1291 2.092991590499878
1292 2.2526848316192627
1293 1.7292449474334717
1294 1.7818244695663452
1295 2.205279588699341
1296 1.7074640989303589
1297 2.0085268020629883
1298 1.6933605670928955
1299 2.080645799636841
1300 1.9363452196121216
1301 1.7620477676391602
1302 2.0272340774536133
1303 1.8180761337280273
1304 1.861920714378357
1305 1.8778239488601685
1306 1.994615077972412
1307 1.6768114566802979
1308 1.9790619611740112
1309 1.6692856550216675
1310 2.085909843444824
1311 1.99700129032135
1312 1.6757988929748535
1313 1.898423433303833
1314 1.7281662225723267
1315 1.9603664875030518
1316 1.7641593217849731
1317 1.7928597927093506
1318 1.8868132829666138
1319 1.9844385385513306
1320 1.894044280052185
1321 1.9053913354873657
1322 1.8483635187149048
1323 2.123199462890625
1324 2.004802703857422
1325 1.9334243535995483
1326 2.1755213737487793
1327 1.6449412107467651
1328 1.8132624626159668
1329 2.0680553913116455
1330 1.8741858005523682
1331 1.9890779256820679
1332 2.0145554542541504
1333 1.887573003768921
1334 1.645938754081726
1335 2.2364654541015625
1336 1.8798714876174927
1337 1.7117506265640259
1338 2.0306649208068848
1339 1.9479517936706543
1340 1.7658659219741821
1341 1.8078358173370361
1342 2.105262041091919
1343 1.7431888580322266
1344 1.792859435081482
1345 1.861555576324463
1346 1.8217451572418213
1347 1.757432222366333
1348 1.8217819929122925
1349 1.8230905532836914
1350 1.7966665029525757
1351 1.6990824937820435
1352 1.7672890424728394
1353 1.8978227376937866
1354 1.5772849321365356
1355 1.782976746559143
1356 1.8905390501022339
1357 1.6061018705368042
1358 1.6327041387557983
1359 1.84722900390625
1360 2.2992382049560547
1361 2.117830514907837
1362 1.7406601905822754
1363 1.9096720218658447
1364 2.0273454189300537
1365 1.6973296403884888
1366 1.7585339546203613
1367 1.6398389339447021
1368 1.7696677446365356
1369 1.8902745246887207
1370 1.8137127161026
1371 1.6026854515075684
1372 1.810284972190857
1373 1.8342393636703491
1374 2.1626596450805664
1375 1.8415560722351074
1376 1.966539978981018
1377 1.762209177017212
1378 1.9251936674118042
1379 1.7802067995071411
1380 2.202603340148926
1381 1.6679984331130981
1382 1.767985224723816
1383 1.9355660676956177
1384 1.7978492975234985
1385 1.999393105506897
1386 1.7586770057678223
1387 1.8292222023010254
1388 2.0021708011627197
1389 1.622115135192871
1390 1.810572624206543
1391 1.5631641149520874
1392 1.9137537479400635
1393 1.6913281679153442
1394 1.678518295288086
1395 1.5155302286148071
1396 1.5544706583023071
1397 1.8372012376785278
1398 2.0457937717437744
1399 1.9475982189178467
1400 2.8333311080932617
1401 2.0429062843322754
1402 1.7359675168991089
1403 1.954803466796875
1404 1.9674582481384277
1405 2.2732748985290527
1406 2.127596139907837
1407 1.9457505941390991
1408 1.9249355792999268
1409 1.8689836263656616
1410 1.8417143821716309
1411 1.7082436084747314
1412 1.755709171295166
1413 1.8929182291030884
1414 2.062119722366333
1415 2.1072940826416016
1416 1.880659580230713
1417 1.7222548723220825
1418 1.8742281198501587
1419 1.7244958877563477
1420 1.8280943632125854
1421 2.1761937141418457
1422 2.286672353744507
1423 2.0283870697021484
1424 1.8043255805969238
1425 2.06636643409729
1426 1.8834842443466187
1427 1.9290459156036377
1428 1.6216003894805908
1429 1.7610387802124023
1430 2.0461010932922363
1431 2.2364161014556885
1432 2.0666236877441406
1433 1.7603832483291626
1434 1.6742587089538574
1435 1.4993840456008911
1436 1.4883708953857422
1437 1.6178056001663208
1438 1.8727895021438599
1439 1.6901006698608398
1440 1.6706757545471191
1441 2.357370615005493
1442 2.084805727005005
1443 1.949780821800232
1444 1.7776867151260376
1445 1.6093294620513916
1446 1.6017659902572632
1447 1.6830426454544067
1448 2.2917513847351074
1449 1.8157950639724731
1450 1.7722822427749634
1451 1.576902985572815
1452 2.0729143619537354
1453 1.8321470022201538
1454 1.9147229194641113
1455 2.0011744499206543
1456 2.1216907501220703
1457 1.7702150344848633
1458 1.8194849491119385
1459 2.1283302307128906
1460 1.6505017280578613
1461 1.9772084951400757
1462 1.7084835767745972
1463 1.9935274124145508
1464 1.7105752229690552
1465 1.7796204090118408
1466 1.7080230712890625
1467 2.1669960021972656
1468 2.223435401916504
1469 1.8021596670150757
1470 1.911008596420288
1471 2.0750694274902344
1472 2.1388092041015625
1473 1.5738850831985474
1474 1.9964369535446167
1475 1.8815382719039917
1476 1.9909205436706543
1477 1.782017469406128
1478 1.8714410066604614
1479 1.7838343381881714
1480 1.794164776802063
1481 1.8791985511779785
1482 1.88051438331604
1483 1.8023115396499634
1484 1.598453402519226
1485 1.7876002788543701
1486 1.9893128871917725
1487 1.6267738342285156
1488 2.030529260635376
1489 1.9003089666366577
1490 1.8627296686172485
1491 1.9548054933547974
1492 1.6804614067077637
1493 1.8745665550231934
1494 1.9075117111206055
1495 1.7900246381759644
1496 1.9854706525802612
1497 1.9025051593780518
1498 1.6328827142715454
1499 1.8329182863235474
1500 2.061845541000366
1501 1.775089144706726
1502 2.3666257858276367
1503 1.6083056926727295
1504 1.7748652696609497
1505 1.9353084564208984
1506 1.7656528949737549
1507 1.8776909112930298
1508 2.0355169773101807
1509 1.679673671722412
1510 1.7414181232452393
1511 2.2290103435516357
1512 2.139488935470581
1513 2.119805335998535
1514 1.7743937969207764
1515 1.7650456428527832
1516 1.7408440113067627
1517 2.284756898880005
1518 1.8320249319076538
1519 1.6869268417358398
1520 1.8638306856155396
1521 2.0191097259521484
1522 1.797825813293457
1523 1.9695571660995483
1524 1.8259837627410889
1525 1.6381394863128662
1526 1.692264437675476
1527 1.6753743886947632
1528 1.8936103582382202
1529 1.9900593757629395
1530 1.605427622795105
1531 1.9934145212173462
1532 1.9909582138061523
1533 1.719026803970337
1534 2.2185962200164795
1535 1.7982001304626465
1536 1.8433955907821655
1537 1.5549780130386353
1538 2.1765592098236084
1539 1.8868916034698486
1540 1.6620218753814697
1541 1.800450086593628
1542 1.7282593250274658
1543 1.959959626197815
1544 1.6678014993667603
1545 1.6251307725906372
1546 2.1207520961761475
1547 2.0393683910369873
1548 1.8457978963851929
1549 2.1243810653686523
1550 2.2632694244384766
1551 1.709122896194458
1552 1.6900724172592163
1553 1.871261715888977
1554 1.877396821975708
1555 1.6672660112380981
1556 1.7378402948379517
1557 1.4872456789016724
1558 1.7786885499954224
1559 1.8022691011428833
1560 1.959424614906311
1561 1.7719330787658691
1562 2.016524314880371
1563 1.9222805500030518
1564 1.787721037864685
1565 1.7206677198410034
1566 1.7136361598968506
1567 1.7990901470184326
1568 1.4657609462738037
1569 1.8258707523345947
1570 1.7144193649291992
1571 1.9523557424545288
1572 1.84501051902771
1573 2.6437056064605713
1574 1.8348263502120972
1575 1.7325457334518433
1576 1.6959792375564575
1577 1.8818398714065552
1578 1.8401813507080078
1579 2.037411689758301
1580 2.144366979598999
1581 1.6425082683563232
1582 1.8861266374588013
1583 1.8592593669891357
1584 1.925990343093872
1585 2.048081159591675
1586 1.7658480405807495
1587 1.7922935485839844
1588 2.1677122116088867
1589 2.1379830837249756
1590 1.6359509229660034
1591 1.8064444065093994
1592 1.832944393157959
1593 1.7430592775344849
1594 1.8424032926559448
1595 1.9528768062591553
1596 1.851513385772705
1597 1.9151349067687988
1598 1.7113516330718994
1599 2.106610059738159
1600 1.664099097251892
1601 2.3902268409729004
1602 1.7121548652648926
1603 2.0914814472198486
1604 1.9138484001159668
1605 1.7154039144515991
1606 1.9743882417678833
1607 1.744734525680542
1608 2.2971551418304443
1609 1.636338472366333
1610 1.505588412284851
1611 1.734099268913269
1612 1.8648531436920166
1613 1.917426347732544
1614 2.2856976985931396
1615 2.0620369911193848
1616 1.9838335514068604
1617 1.6462119817733765
1618 1.8033255338668823
1619 1.6060031652450562
1620 2.126312732696533
1621 1.6626471281051636
1622 2.001089572906494
1623 1.8630080223083496
1624 2.0845139026641846
1625 2.4689993858337402
1626 2.046083927154541
1627 1.8177499771118164
1628 1.783276081085205
1629 1.8482306003570557
1630 1.6336464881896973
1631 1.9301525354385376
1632 1.5673902034759521
1633 2.1703457832336426
1634 1.7013640403747559
1635 2.318826675415039
1636 1.7439533472061157
1637 2.1911959648132324
1638 1.8259992599487305
1639 1.8487828969955444
1640 1.9170395135879517
1641 1.7650907039642334
1642 1.7552982568740845
1643 1.8360644578933716
1644 2.144594192504883
1645 2.005314350128174
1646 1.5083729028701782
1647 1.897172212600708
1648 1.7315895557403564
1649 1.636711597442627
1650 1.956770658493042
1651 2.0890026092529297
1652 2.4491257667541504
1653 1.701519250869751
1654 2.2213127613067627
1655 2.148289918899536
1656 1.656125545501709
1657 1.7753915786743164
1658 2.0364065170288086
1659 1.7813130617141724
1660 1.8706904649734497
1661 1.7775760889053345
1662 1.6600632667541504
1663 1.6418232917785645
1664 1.652306079864502
1665 1.7976386547088623
1666 2.0167055130004883
1667 1.8206342458724976
1668 1.7809022665023804
1669 1.748970866203308
1670 1.5778083801269531
1671 1.883538007736206
1672 1.5071852207183838
1673 1.673617959022522
1674 1.5245980024337769
1675 1.6118972301483154
1676 2.1446712017059326
1677 2.564675807952881
1678 2.2910540103912354
1679 1.9825005531311035
1680 1.8618026971817017
1681 2.0701963901519775
1682 1.9105517864227295
1683 1.8644834756851196
1684 1.7105228900909424
1685 1.7011475563049316
1686 1.958409309387207
1687 1.7730791568756104
1688 2.212432384490967
1689 1.8930095434188843
1690 1.9800565242767334
1691 2.1197824478149414
1692 1.793136477470398
1693 1.9370577335357666
1694 1.705998182296753
1695 1.7641189098358154
1696 1.9189761877059937
1697 1.6646164655685425
1698 1.874955177307129
1699 1.9013835191726685
1700 1.802742838859558
1701 1.959904670715332
1702 1.737335205078125
1703 1.7947659492492676
1704 1.8135879039764404
1705 1.911960482597351
1706 1.9146760702133179
1707 1.776939034461975
1708 1.5776866674423218
1709 1.858337163925171
1710 1.9931118488311768
1711 2.088261365890503
1712 1.7563503980636597
1713 1.950036644935608
1714 1.9647181034088135
1715 2.221649169921875
1716 1.7446106672286987
1717 1.9846446514129639
1718 2.167250633239746
1719 1.5840213298797607
1720 1.6960068941116333
1721 1.6805833578109741
1722 2.062974691390991
1723 1.7805668115615845
1724 1.751328945159912
1725 1.6834012269973755
1726 1.9216629266738892
1727 1.9077657461166382
1728 1.8373807668685913
1729 1.838363528251648
1730 1.762300729751587
1731 1.751344919204712
1732 2.02943754196167
1733 1.7248643636703491
1734 1.8556523323059082
1735 1.9462566375732422
1736 1.8647655248641968
1737 1.963181972503662
1738 1.8851444721221924
1739 2.0801234245300293
1740 2.060638427734375
1741 1.7712135314941406
1742 1.9424899816513062
1743 1.7521419525146484
1744 2.1323130130767822
1745 1.8080865144729614
1746 1.840511679649353
1747 1.8493388891220093
1748 1.655880093574524
1749 1.7088934183120728
1750 1.9402505159378052
1751 1.6291276216506958
1752 1.7040783166885376
1753 1.7115707397460938
1754 2.112037181854248
1755 1.676056981086731
1756 2.3275914192199707
1757 1.9539676904678345
1758 2.0070693492889404
1759 1.7846262454986572
1760 2.3316261768341064
1761 1.8566744327545166
1762 1.803676724433899
1763 1.719862461090088
1764 1.8982115983963013
1765 1.817976713180542
1766 2.254617691040039
1767 1.7912360429763794
1768 2.0736963748931885
1769 2.0538673400878906
1770 1.971794605255127
1771 1.9196468591690063
1772 1.8685277700424194
1773 1.8695275783538818
1774 2.109682083129883
1775 1.692780613899231
1776 1.781484603881836
1777 1.7201899290084839
1778 1.9749624729156494
1779 1.8272114992141724
1780 1.8346638679504395
1781 2.100731134414673
1782 1.8731789588928223
1783 2.023942470550537
1784 2.2278854846954346
1785 2.161792516708374
1786 2.0553834438323975
1787 2.1006171703338623
1788 1.706404447555542
1789 1.8837746381759644
1790 1.6181881427764893
1791 1.6485291719436646
1792 2.09774112701416
1793 1.5964906215667725
1794 1.6891164779663086
1795 1.929521083831787
1796 2.0043723583221436
1797 1.6732107400894165
1798 2.005479574203491
1799 2.1999099254608154
1800 2.0667455196380615
1801 2.128385543823242
1802 1.8047502040863037
1803 1.9107918739318848
1804 1.8263477087020874
1805 1.5169116258621216
1806 2.0524203777313232
1807 1.8795230388641357
1808 1.9224909543991089
1809 1.6713297367095947
1810 1.7148529291152954
1811 1.8415892124176025
1812 2.1001367568969727
1813 1.8744474649429321
1814 1.944689393043518
1815 1.8259673118591309
1816 1.7631094455718994
1817 1.8056107759475708
1818 1.6133067607879639
1819 1.7291245460510254
1820 1.9492181539535522
1821 1.7587711811065674
1822 1.8403346538543701
1823 1.5991266965866089
1824 2.0811619758605957
1825 1.694797396659851
1826 1.5025243759155273
1827 1.791020154953003
1828 2.0019941329956055
1829 1.6557289361953735
1830 2.445341110229492
1831 2.036346673965454
1832 1.5687421560287476
1833 2.148484468460083
1834 2.401719570159912
1835 1.8456525802612305
1836 1.582500696182251
1837 2.203274965286255
1838 1.8853939771652222
1839 2.0301170349121094
1840 1.7431992292404175
1841 1.6372326612472534
1842 1.8877837657928467
1843 1.8514107465744019
1844 1.6570441722869873
1845 1.874228835105896
1846 1.8493680953979492
1847 1.8181233406066895
1848 1.667593240737915
1849 1.9462156295776367
1850 1.8384194374084473
1851 2.0614521503448486
1852 1.9197851419448853
1853 1.9150774478912354
1854 1.8123236894607544
1855 1.9332008361816406
1856 2.005366563796997
1857 1.731291651725769
1858 2.053410291671753
1859 1.7228116989135742
1860 1.675261378288269
1861 2.0985376834869385
1862 1.7840899229049683
1863 1.925217866897583
1864 1.6914374828338623
1865 1.577886939048767
1866 1.83722722530365
1867 1.8408236503601074
1868 1.7690958976745605
1869 1.7294986248016357
1870 1.6910511255264282
1871 1.8173948526382446
1872 2.0578665733337402
1873 1.8143069744110107
1874 1.7710285186767578
1875 1.5980831384658813
1876 1.8031831979751587
1877 1.6492575407028198
1878 1.7145262956619263
1879 1.9543068408966064
1880 1.9393935203552246
1881 1.668439269065857
1882 2.0260164737701416
1883 1.687971591949463
1884 1.657455325126648
1885 1.8714176416397095
1886 1.8053077459335327
1887 2.1610679626464844
1888 1.9295755624771118
1889 1.8048725128173828
1890 1.9549695253372192
1891 1.9695419073104858
1892 1.7870737314224243
1893 1.5657031536102295
1894 1.8274859189987183
1895 1.9339576959609985
1896 1.7518632411956787
1897 2.250664234161377
1898 1.7076798677444458
1899 1.5923807621002197
1900 1.6808971166610718
1901 1.8120038509368896
1902 1.6418063640594482
1903 1.654260277748108
1904 1.7869701385498047
1905 2.130838394165039
1906 1.6682820320129395
1907 1.517856478691101
1908 1.7407951354980469
1909 1.7980499267578125
1910 2.6344287395477295
1911 1.7454384565353394
1912 2.054455041885376
1913 1.7412666082382202
1914 1.605682134628296
1915 1.706136703491211
1916 1.832424283027649
1917 1.8060364723205566
1918 1.812874436378479
1919 2.2540950775146484
1920 1.8984278440475464
1921 1.7520112991333008
1922 1.9015460014343262
1923 1.7761790752410889
1924 1.7161993980407715
1925 1.610360026359558
1926 1.8147820234298706
1927 1.4715110063552856
1928 1.6597670316696167
1929 1.8808543682098389
1930 1.86948561668396
1931 1.980878472328186
1932 1.6746615171432495
1933 1.8606301546096802
1934 2.1742725372314453
1935 2.0797619819641113
1936 2.527059555053711
1937 1.5525788068771362
1938 1.9147202968597412
1939 2.310494899749756
1940 1.888902187347412
1941 1.8463979959487915
1942 1.714737057685852
1943 2.1713173389434814
1944 2.1354572772979736
1945 1.7809358835220337
1946 1.9458715915679932
1947 1.8330936431884766
1948 2.147958517074585
1949 1.9807305335998535
1950 1.7306469678878784
1951 1.6953753232955933
1952 1.7360044717788696
1953 1.7303493022918701
1954 1.5653576850891113
1955 1.8732762336730957
1956 1.6361576318740845
1957 2.0191192626953125
1958 1.8333913087844849
1959 1.9535233974456787
1960 2.15557861328125
1961 1.825131893157959
1962 1.956475853919983
1963 1.7352619171142578
1964 1.4844307899475098
1965 1.8430671691894531
1966 2.2450075149536133
1967 1.5430991649627686
1968 1.7065658569335938
1969 1.6001801490783691
1970 1.8307384252548218
1971 1.635271668434143
1972 1.880222201347351
1973 2.109546661376953
1974 1.8896697759628296
1975 2.087360143661499
1976 1.6532412767410278
1977 1.8485606908798218
1978 1.7193067073822021
1979 1.8769737482070923
1980 1.664481282234192
1981 1.8399251699447632
1982 1.9348467588424683
1983 2.0806984901428223
1984 1.7595030069351196
1985 2.355417251586914
1986 1.8113712072372437
1987 1.7898191213607788
1988 1.8416341543197632
1989 2.0724170207977295
1990 2.3725969791412354
1991 1.9227919578552246
1992 1.8054386377334595
1993 1.7624751329421997
1994 2.0542821884155273
1995 1.707399606704712
1996 1.7353007793426514
1997 1.7451952695846558
1998 1.8232667446136475
1999 1.6892439126968384
2000 1.768696665763855
2001 1.7969635725021362
2002 1.7969714403152466
2003 1.7567392587661743
2004 1.4239680767059326
2005 1.8059121370315552
2006 1.798817753791809
2007 2.167829751968384
2008 2.1621956825256348
2009 1.7664686441421509
2010 2.247918128967285
2011 2.0635879039764404
2012 2.2457468509674072
2013 1.7379717826843262
2014 1.6015433073043823
2015 1.8648958206176758
2016 1.7185585498809814
2017 1.8228681087493896
2018 1.6911060810089111
2019 1.7655342817306519
2020 1.8917044401168823
2021 1.8606163263320923
2022 2.124847650527954
2023 2.0620410442352295
2024 2.080646276473999
2025 1.861464262008667
2026 2.231663942337036
2027 1.9330058097839355
2028 2.1304588317871094
2029 1.8431378602981567
2030 1.7667680978775024
2031 1.9326735734939575
2032 1.555069923400879
2033 1.8289501667022705
2034 1.6818310022354126
2035 1.7760565280914307
2036 2.0214617252349854
2037 1.5824742317199707
2038 1.693092703819275
2039 1.5861918926239014
2040 1.7541955709457397
2041 1.94765043258667
2042 1.6779080629348755
2043 1.9088908433914185
2044 1.8730252981185913
2045 1.6578255891799927
2046 1.9409289360046387
2047 1.797010898590088
2048 1.7102130651474
2049 1.561178207397461
2050 1.945366621017456
2051 1.5770524740219116
2052 1.7953078746795654
2053 1.6654658317565918
2054 2.2457244396209717
2055 1.4733121395111084
2056 1.7304420471191406
2057 1.9591470956802368
2058 1.7819604873657227
2059 2.0122439861297607
2060 2.021498203277588
2061 1.7804335355758667
2062 2.213035821914673
2063 1.7269680500030518
2064 2.238225221633911
2065 1.813917875289917
2066 1.8691431283950806
2067 1.883922815322876
2068 1.804288387298584
2069 1.9092503786087036
2070 1.8391497135162354
2071 1.815474510192871
2072 2.047179698944092
2073 1.755735993385315
2074 1.9786559343338013
2075 2.030154228210449
2076 1.8821218013763428
2077 1.9721652269363403
2078 1.6769435405731201
2079 1.850285530090332
2080 1.6238231658935547
2081 1.675734519958496
2082 2.1004743576049805
2083 1.8511457443237305
2084 1.7988497018814087
2085 2.197920799255371
2086 1.855379581451416
2087 1.9054495096206665
2088 1.8333536386489868
2089 2.137158155441284
2090 1.8174693584442139
2091 1.972983479499817
2092 1.870018482208252
2093 1.8132688999176025
2094 1.7819089889526367
2095 2.0687456130981445
2096 1.7065294981002808
2097 1.845366358757019
2098 1.8340052366256714
2099 1.7838199138641357
2100 2.399024248123169
2101 1.801818609237671
2102 1.7850629091262817
2103 1.9256336688995361
2104 1.8360127210617065
2105 1.8536112308502197
2106 2.4927737712860107
2107 1.8466455936431885
2108 1.9732807874679565
2109 1.6949231624603271
2110 1.803609013557434
2111 1.8224210739135742
2112 1.8212896585464478
2113 1.7611076831817627
2114 1.9515161514282227
2115 1.985214114189148
2116 1.5428462028503418
2117 1.6486934423446655
2118 1.7624766826629639
2119 1.9928559064865112
2120 1.602272629737854
2121 1.7116352319717407
2122 2.06046462059021
2123 2.1303181648254395
2124 2.0456151962280273
2125 2.023862361907959
2126 1.9718903303146362
2127 1.9011151790618896
2128 1.8309569358825684
2129 1.709227442741394
2130 1.8107972145080566
2131 1.7587971687316895
2132 1.915400505065918
2133 2.0213096141815186
2134 1.846027135848999
2135 1.6377265453338623
2136 1.8482986688613892
2137 1.7092995643615723
2138 1.874394178390503
2139 1.7352124452590942
2140 1.576533317565918
2141 1.6782326698303223
2142 1.9515398740768433
2143 1.6623191833496094
2144 2.3136343955993652
2145 2.005159854888916
2146 1.7497484683990479
2147 1.817741870880127
2148 1.8732671737670898
2149 1.9556050300598145
2150 1.5623905658721924
2151 1.588144302368164
2152 1.5465260744094849
2153 1.7418795824050903
2154 1.5623964071273804
2155 1.8679269552230835
2156 1.9345117807388306
2157 1.7031054496765137
2158 1.9703643321990967
2159 2.143153190612793
2160 1.9107944965362549
2161 1.588348627090454
2162 1.5718318223953247
2163 1.655502438545227
2164 1.6512888669967651
2165 2.043086290359497
2166 1.8718011379241943
2167 2.1215617656707764
2168 1.696516752243042
2169 2.0300357341766357
2170 1.617323398590088
2171 1.5548021793365479
2172 1.7012970447540283
2173 1.7382906675338745
2174 1.8223388195037842
2175 2.1145424842834473
2176 1.8471839427947998
2177 1.7189841270446777
2178 1.7795964479446411
2179 1.8464934825897217
2180 1.9762871265411377
2181 2.0055477619171143
2182 2.189927339553833
2183 2.028005838394165
2184 2.0282325744628906
2185 1.3762881755828857
2186 1.7633607387542725
2187 1.9537110328674316
2188 1.8635026216506958
2189 1.8615403175354004
2190 1.6464977264404297
2191 1.8653761148452759
2192 1.848808765411377
2193 1.8329555988311768
2194 2.1221139430999756
2195 1.9168474674224854
2196 1.8928128480911255
2197 1.8302690982818604
2198 1.626244306564331
2199 1.9815335273742676
2200 2.0760879516601562
2201 2.081268072128296
2202 2.2037997245788574
2203 1.7577805519104004
2204 2.1102187633514404
2205 1.5945168733596802
2206 1.600409984588623
2207 1.7070503234863281
2208 1.6872174739837646
2209 1.8193312883377075
2210 1.7038803100585938
2211 1.8699113130569458
2212 2.605919599533081
2213 1.943420648574829
2214 1.7785029411315918
2215 1.7797586917877197
2216 2.026237964630127
2217 1.9212404489517212
2218 1.8095372915267944
2219 2.017165184020996
2220 1.7983683347702026
2221 1.7728960514068604
2222 1.8979445695877075
2223 1.7747910022735596
2224 1.8550400733947754
2225 1.6210399866104126
2226 1.83558189868927
2227 1.972806453704834
2228 1.7115249633789062
2229 1.823800802230835
2230 1.8076159954071045
2231 1.8045544624328613
2232 1.6468160152435303
2233 1.8645521402359009
2234 1.5868765115737915
2235 1.8734917640686035
2236 1.9064254760742188
2237 1.7911417484283447
2238 1.8809919357299805
2239 1.741208553314209
2240 1.8185888528823853
2241 2.057727098464966
2242 1.9281878471374512
2243 1.8760446310043335
2244 1.9614685773849487
2245 1.6591250896453857
2246 1.8154876232147217
2247 2.48125958442688
2248 2.1122238636016846
2249 1.7233470678329468
2250 1.886152744293213
2251 1.6774457693099976
2252 1.8993474245071411
2253 1.9045339822769165
2254 1.727157473564148
2255 1.9691625833511353
2256 1.8789749145507812
2257 1.8366937637329102
2258 2.1159727573394775
2259 1.7705376148223877
2260 1.8585153818130493
2261 1.7329964637756348
2262 1.884695053100586
2263 1.8183190822601318
2264 1.5660818815231323
2265 1.678255319595337
2266 1.9310357570648193
2267 2.1177425384521484
2268 2.368457794189453
2269 1.7043920755386353
2270 1.664232850074768
2271 1.9769530296325684
2272 2.0807266235351562
2273 1.992386817932129
2274 1.91719651222229
2275 1.8200247287750244
2276 1.8147540092468262
2277 1.887271523475647
2278 1.9672266244888306
2279 2.0727427005767822
2280 1.6136406660079956
2281 1.8342653512954712
2282 1.7688862085342407
2283 1.8242095708847046
2284 1.703794240951538
2285 1.8462066650390625
2286 1.937140941619873
2287 1.8620071411132812
2288 1.722348690032959
2289 1.615557312965393
2290 1.803600549697876
2291 1.6601070165634155
2292 1.9444923400878906
2293 2.344266176223755
2294 2.0488157272338867
2295 1.943634271621704
2296 2.126528739929199
2297 1.7778692245483398
2298 1.6916335821151733
2299 1.8993077278137207
2300 2.230415105819702
2301 1.7060508728027344
2302 1.7872134447097778
2303 1.7842779159545898
2304 1.663737416267395
2305 1.6606781482696533
2306 1.9452619552612305
2307 1.777407169342041
2308 1.8640683889389038
2309 1.8089262247085571
2310 1.78105890750885
2311 1.7477582693099976
2312 1.892228126525879
2313 1.950176477432251
2314 1.8924181461334229
2315 1.8583896160125732
2316 1.7028934955596924
2317 1.8802051544189453
2318 1.8144867420196533
2319 1.9248034954071045
2320 1.6365021467208862
2321 1.7189021110534668
2322 2.0809104442596436
2323 1.912305235862732
2324 1.5861135721206665
2325 1.8385223150253296
2326 1.676733374595642
2327 1.7774993181228638
2328 1.9047006368637085
2329 1.9002008438110352
2330 1.8263819217681885
2331 1.8377562761306763
2332 1.8225693702697754
2333 1.7990494966506958
2334 1.8441401720046997
2335 2.1166183948516846
2336 1.7900243997573853
2337 1.6716169118881226
2338 1.7188594341278076
2339 1.706567406654358
2340 1.6723382472991943
2341 1.5262376070022583
2342 1.8685266971588135
2343 1.8923921585083008
2344 1.8306138515472412
2345 1.9830487966537476
2346 1.9694799184799194
2347 1.8438374996185303
2348 2.1339056491851807
2349 2.0078372955322266
2350 1.7217097282409668
2351 1.9209818840026855
2352 2.000079393386841
2353 2.14394211769104
2354 1.5436891317367554
2355 1.9687788486480713
2356 1.8443989753723145
2357 1.9894095659255981
2358 1.750425100326538
2359 1.7813163995742798
2360 2.249006986618042
2361 1.8460230827331543
2362 1.789227843284607
2363 1.5807026624679565
2364 1.60820734500885
2365 1.6224361658096313
2366 1.639928936958313
2367 1.7472952604293823
2368 1.8349237442016602
2369 2.0320310592651367
2370 2.0843465328216553
2371 1.9213162660598755
2372 1.8688483238220215
2373 1.5914723873138428
2374 1.7611843347549438
2375 1.928476095199585
2376 1.9383182525634766
2377 1.9165258407592773
2378 1.6914873123168945
2379 1.6413341760635376
2380 1.8510491847991943
2381 1.8597339391708374
2382 1.8621187210083008
2383 1.8554667234420776
2384 1.3926796913146973
2385 1.7064495086669922
2386 2.1314079761505127
2387 2.3352580070495605
2388 1.7040685415267944
2389 1.840105652809143
2390 1.8462538719177246
2391 1.5994824171066284
2392 1.9017634391784668
2393 2.305537700653076
2394 1.8745534420013428
2395 1.820298433303833
2396 2.128394603729248
2397 1.672425627708435
2398 1.8332470655441284
2399 1.80027437210083
2400 1.7756237983703613
2401 1.7723761796951294
2402 1.8764960765838623
2403 1.830971598625183
2404 1.86729097366333
2405 2.077375650405884
2406 1.6759146451950073
2407 1.7608616352081299
2408 2.00913405418396
2409 1.8315156698226929
2410 2.033865213394165
2411 1.9170968532562256
2412 2.0139055252075195
2413 2.206744432449341
2414 1.68718421459198
2415 1.7869645357131958
2416 1.822169303894043
2417 1.899982213973999
2418 2.0261101722717285
2419 1.8726129531860352
2420 2.3526477813720703
2421 1.701206088066101
2422 1.7241202592849731
2423 1.7993247509002686
2424 1.8771991729736328
2425 1.9124014377593994
2426 2.117140531539917
2427 1.7512377500534058
2428 2.1689505577087402
2429 1.801193356513977
2430 1.8325005769729614
2431 2.177795648574829
2432 1.737731695175171
2433 1.8081061840057373
2434 1.8332819938659668
2435 1.8072127103805542
2436 1.830683946609497
2437 1.991727590560913
2438 1.8610830307006836
2439 1.551477074623108
2440 1.9790644645690918
2441 1.6249644756317139
2442 1.7639071941375732
2443 1.9773720502853394
2444 1.8209766149520874
2445 2.106565475463867
2446 1.9460817575454712
2447 1.878315806388855
2448 1.6293705701828003
2449 1.8013030290603638
2450 1.8107023239135742
2451 1.7482988834381104
2452 2.0916926860809326
2453 1.8185285329818726
2454 1.83846116065979
2455 2.1705074310302734
2456 1.9375966787338257
2457 2.0799896717071533
2458 1.8478370904922485
2459 1.7435060739517212
2460 1.8178205490112305
2461 1.7653937339782715
2462 1.806438684463501
2463 1.6784340143203735
2464 1.6987959146499634
2465 2.1248912811279297
2466 1.9380754232406616
2467 1.73491632938385
2468 1.7244056463241577
2469 2.0250048637390137
2470 1.9088690280914307
2471 1.7256864309310913
2472 1.8184164762496948
2473 1.7781332731246948
2474 1.7369807958602905
2475 1.9398447275161743
2476 1.915067195892334
2477 1.678946852684021
2478 2.1904983520507812
2479 1.5873439311981201
2480 1.7320160865783691
2481 1.7450894117355347
2482 2.046539306640625
2483 1.7535637617111206
2484 1.9433327913284302
2485 2.1718287467956543
2486 1.7068175077438354
2487 2.057246446609497
2488 1.843173861503601
2489 2.043283224105835
2490 1.7081050872802734
2491 1.7471880912780762
2492 1.9777648448944092
2493 1.8853155374526978
2494 1.9592700004577637
2495 1.8889827728271484
2496 1.8570361137390137
2497 1.8810856342315674
2498 1.681181788444519
2499 1.8235814571380615
2500 1.8445945978164673
2501 1.770214319229126
2502 2.0420706272125244
2503 1.9739537239074707
2504 2.1546132564544678
2505 2.0579681396484375
2506 1.682899832725525
2507 1.810749888420105
2508 2.0715067386627197
2509 1.8083522319793701
2510 1.7437955141067505
2511 1.912430763244629
2512 1.847091794013977
2513 1.8564878702163696
2514 1.9057650566101074
2515 2.044857978820801
2516 1.910861849784851
2517 1.6273478269577026
2518 2.2910070419311523
2519 1.9918283224105835
2520 1.5848597288131714
2521 1.6854839324951172
2522 1.790906548500061
2523 2.2168304920196533
2524 1.6820385456085205
2525 1.67317795753479
2526 1.8789713382720947
2527 1.9174610376358032
2528 1.8325499296188354
2529 2.0218007564544678
2530 1.8599146604537964
2531 1.735711932182312
2532 1.8933732509613037
2533 1.9146430492401123
2534 1.820587396621704
2535 1.6072077751159668
2536 1.6986346244812012
2537 1.8097295761108398
2538 1.6719001531600952
2539 1.7407842874526978
2540 1.9732359647750854
2541 2.1134111881256104
2542 1.5823132991790771
2543 1.6223180294036865
2544 1.7660940885543823
2545 1.5402817726135254
2546 1.8489590883255005
2547 1.8359650373458862
2548 2.059108018875122
2549 1.6892640590667725
2550 1.7326799631118774
2551 1.8067535161972046
2552 2.004225730895996
2553 2.036501884460449
2554 1.786965012550354
2555 1.8573802709579468
2556 1.6799012422561646
2557 1.926621913909912
2558 1.879069447517395
2559 2.16555118560791
2560 1.9091984033584595
2561 1.9201480150222778
2562 1.8547184467315674
2563 1.9083396196365356
2564 1.910961389541626
2565 1.9538617134094238
2566 1.9688174724578857
2567 1.7784652709960938
2568 1.696194052696228
2569 1.7909934520721436
2570 1.880929946899414
2571 1.945662021636963
2572 1.8856704235076904
2573 2.0579493045806885
2574 2.1161351203918457
2575 1.9031356573104858
2576 1.9589425325393677
2577 1.7084274291992188
2578 1.6076105833053589
2579 1.7832365036010742
2580 1.9381080865859985
2581 1.609317660331726
2582 1.7762439250946045
2583 1.7544013261795044
2584 1.7935823202133179
2585 1.8853719234466553
2586 1.7271969318389893
2587 1.895499348640442
2588 2.0094454288482666
2589 2.152113437652588
2590 1.8343971967697144
2591 1.6905479431152344
2592 2.018230438232422
2593 1.7754369974136353
2594 1.7798887491226196
2595 1.734118938446045
2596 2.127556085586548
2597 2.026477575302124
2598 1.636579155921936
2599 1.9324257373809814
2600 1.8753653764724731
2601 1.699989914894104
2602 1.4549976587295532
2603 2.1094443798065186
2604 1.8900262117385864
2605 1.6596386432647705
2606 1.7728737592697144
2607 1.899764060974121
2608 2.14904522895813
2609 2.104038953781128
2610 1.708713412284851
2611 2.0017311573028564
2612 1.992324948310852
2613 1.6536349058151245
2614 1.9682438373565674
2615 1.9233574867248535
2616 1.911879301071167
2617 1.7062171697616577
2618 1.9329445362091064
2619 2.165416955947876
2620 1.7128556966781616
2621 1.7106785774230957
2622 1.8257460594177246
2623 1.6247256994247437
2624 2.0982067584991455
2625 1.7919167280197144
2626 1.7653639316558838
2627 1.775547742843628
2628 1.8774409294128418
2629 2.0133755207061768
2630 1.4721190929412842
2631 1.9108095169067383
2632 1.7815285921096802
2633 2.1401851177215576
2634 2.281381130218506
2635 1.7031004428863525
2636 1.7026572227478027
2637 1.7725082635879517
2638 1.7947907447814941
2639 1.7559664249420166
2640 1.8916743993759155
2641 1.683910846710205
2642 2.0878419876098633
2643 2.007455587387085
2644 1.896432638168335
2645 1.7117908000946045
2646 1.8188484907150269
2647 2.1081037521362305
2648 2.4034647941589355
2649 1.6064181327819824
2650 1.7584861516952515
2651 1.715933918952942
2652 1.7339799404144287
2653 1.6495091915130615
2654 1.7365025281906128
2655 1.8508821725845337
2656 1.668674349784851
2657 1.8283380270004272
2658 1.938336730003357
2659 1.7568351030349731
2660 1.849124789237976
2661 1.6611262559890747
2662 1.7986364364624023
2663 2.099571466445923
2664 1.6807608604431152
2665 2.0048437118530273
2666 1.8167654275894165
2667 1.6591593027114868
2668 1.8227429389953613
2669 1.9205458164215088
2670 2.057234525680542
2671 1.730452060699463
2672 2.167895793914795
2673 1.8074368238449097
2674 1.7305660247802734
2675 1.7445149421691895
2676 1.8530174493789673
2677 1.9160714149475098
2678 1.8228609561920166
2679 1.7065248489379883
2680 1.6993086338043213
2681 1.9950215816497803
2682 2.0498039722442627
2683 1.7473740577697754
2684 1.7638236284255981
2685 2.106257915496826
2686 2.2071421146392822
2687 1.839207410812378
2688 1.7666010856628418
2689 1.9093109369277954
2690 1.723044753074646
2691 1.7864702939987183
2692 2.060567855834961
2693 1.8769526481628418
2694 1.8062467575073242
2695 1.9899787902832031
2696 1.9685746431350708
2697 1.7279880046844482
2698 1.848641037940979
2699 1.8127676248550415
2700 1.6998695135116577
2701 1.7078657150268555
2702 1.8972842693328857
2703 1.61631441116333
2704 1.5371887683868408
2705 1.7868596315383911
2706 2.061413288116455
2707 1.9202319383621216
2708 1.8337903022766113
2709 2.1657912731170654
2710 1.7928136587142944
2711 2.1989781856536865
2712 1.7980144023895264
2713 1.9675136804580688
2714 2.0565292835235596
2715 1.8207893371582031
2716 1.928821325302124
2717 1.7726032733917236
2718 1.777505874633789
2719 1.6873921155929565
2720 1.815760850906372
2721 1.8155871629714966
2722 1.8502044677734375
2723 1.7166545391082764
2724 1.786160945892334
2725 2.032111883163452
2726 1.8608125448226929
2727 1.6749943494796753
2728 1.8173307180404663
2729 1.5478004217147827
2730 1.8218133449554443
2731 1.738713026046753
2732 1.8590432405471802
2733 1.569122552871704
2734 1.7762550115585327
2735 1.7741599082946777
2736 1.7118452787399292
2737 1.9998509883880615
2738 2.3209028244018555
2739 1.9200477600097656
2740 1.7045209407806396
2741 2.037351369857788
2742 1.6970633268356323
2743 1.79397451877594
2744 1.8432073593139648
2745 1.7314130067825317
2746 1.7680388689041138
2747 2.019310474395752
2748 1.8576991558074951
2749 1.866598129272461
2750 1.7810332775115967
2751 1.8011218309402466
2752 1.682957410812378
2753 1.7561475038528442
2754 1.6839373111724854
2755 1.6696481704711914
2756 1.6296401023864746
2757 1.8746190071105957
2758 1.687494158744812
2759 1.8242571353912354
2760 2.1758663654327393
2761 1.8554202318191528
2762 1.6590458154678345
2763 1.7170387506484985
2764 1.9766443967819214
2765 1.8575938940048218
2766 1.9432801008224487
2767 2.1689951419830322
2768 1.793851375579834
2769 1.7091009616851807
2770 2.331963300704956
2771 1.9636592864990234
2772 2.2136988639831543
2773 2.16825008392334
2774 2.2560417652130127
2775 1.9390703439712524
2776 1.8501663208007812
2777 1.7522351741790771
2778 1.8595986366271973
2779 2.002997875213623
2780 1.9101213216781616
2781 1.7104381322860718
2782 1.9850008487701416
2783 1.8618882894515991
2784 1.6264312267303467
2785 1.854035496711731
2786 2.0791406631469727
2787 1.8144351243972778
2788 1.6786315441131592
2789 1.8548661470413208
2790 1.7670310735702515
2791 2.1743929386138916
2792 1.8764939308166504
2793 1.8537782430648804
2794 1.6645466089248657
2795 2.0659992694854736
2796 1.8353272676467896
2797 1.9058445692062378
2798 1.758474349975586
2799 1.689314365386963
2800 1.7844358682632446
2801 2.2010438442230225
2802 2.0311264991760254
2803 1.900829792022705
2804 2.0820798873901367
2805 1.7650419473648071
2806 1.8115402460098267
2807 1.9248958826065063
2808 1.8859745264053345
2809 1.9605114459991455
2810 2.1419124603271484
2811 1.829908847808838
2812 1.8020116090774536
2813 1.5324255228042603
2814 1.9017753601074219
2815 1.9744644165039062
2816 1.8616257905960083
2817 2.054379463195801
2818 1.8668161630630493
2819 1.8940904140472412
2820 1.9334770441055298
2821 1.7640389204025269
2822 1.996071457862854
2823 1.723484754562378
2824 2.413581609725952
2825 1.840764045715332
2826 1.9665683507919312
2827 2.0869863033294678
2828 1.948938012123108
2829 1.754624366760254
2830 1.9898316860198975
2831 1.62522554397583
2832 2.1318230628967285
2833 2.439293384552002
2834 2.00476336479187
2835 1.6978384256362915
2836 1.8673312664031982
2837 1.8507306575775146
2838 1.9892712831497192
2839 1.9564112424850464
2840 1.7367920875549316
2841 2.1437089443206787
2842 1.9780523777008057
2843 1.7735952138900757
2844 1.975393533706665
2845 1.8772566318511963
2846 1.9915868043899536
2847 2.067286729812622
2848 1.762626051902771
2849 1.8110123872756958
2850 2.117830514907837
2851 2.069298267364502
2852 2.1381566524505615
2853 1.690493106842041
2854 1.6869518756866455
2855 1.8783848285675049
2856 2.024346113204956
2857 1.6297706365585327
2858 1.7196168899536133
2859 1.7911953926086426
2860 1.8699300289154053
2861 1.7510507106781006
2862 1.6946502923965454
2863 1.7254890203475952
2864 1.845874309539795
2865 2.020094156265259
2866 1.616239309310913
2867 1.7711551189422607
2868 2.082768201828003
2869 1.750301718711853
2870 2.2432448863983154
2871 1.8936892747879028
2872 1.6036885976791382
2873 1.7936173677444458
2874 2.13671612739563
2875 1.9853535890579224
2876 1.5749976634979248
2877 1.8308185338974
2878 1.6496920585632324
2879 1.756400465965271
2880 1.757867693901062
2881 1.9458452463150024
2882 1.9099256992340088
2883 1.981516718864441
2884 1.714510440826416
2885 2.0072803497314453
2886 1.8727000951766968
2887 1.8130719661712646
2888 1.7962186336517334
2889 2.0364789962768555
2890 1.5808498859405518
2891 1.7868828773498535
2892 2.0013492107391357
2893 1.996617078781128
2894 1.8994715213775635
2895 2.043424129486084
2896 1.8812674283981323
2897 1.6960593461990356
2898 1.9402238130569458
2899 2.1249144077301025
2900 1.8489612340927124
2901 1.9140511751174927
2902 1.77230703830719
2903 1.6395515203475952
2904 1.7668321132659912
2905 1.75002920627594
2906 1.9530495405197144
2907 2.2073941230773926
2908 1.8572818040847778
2909 1.7828198671340942
2910 2.159815788269043
2911 2.0486292839050293
2912 1.9017963409423828
2913 1.8239805698394775
2914 1.998870611190796
2915 1.9362472295761108
2916 2.0874242782592773
2917 1.9083936214447021
2918 2.038513660430908
2919 2.1769776344299316
2920 1.820919156074524
2921 2.0272300243377686
2922 1.8509849309921265
2923 1.8279134035110474
2924 1.694868564605713
2925 1.9548566341400146
2926 1.945710301399231
2927 1.893998622894287
2928 1.7954691648483276
2929 1.7912209033966064
2930 1.8451412916183472
2931 1.5588141679763794
2932 2.011443853378296
2933 1.8912792205810547
2934 1.5893250703811646
2935 1.6631492376327515
2936 1.8952608108520508
2937 1.9582626819610596
2938 1.873418927192688
2939 1.6707173585891724
2940 1.4758931398391724
2941 1.8532326221466064
2942 1.701625108718872
2943 1.712499976158142
2944 1.9967211484909058
2945 1.9808728694915771
2946 1.9470405578613281
2947 1.7066277265548706
2948 1.927816390991211
2949 1.8110429048538208
2950 1.6798372268676758
2951 1.7294402122497559
2952 1.765339732170105
2953 2.0337116718292236
2954 1.9510477781295776
2955 1.9467757940292358
2956 1.7710455656051636
2957 1.5832347869873047
2958 2.007256031036377
2959 1.8262808322906494
2960 1.7958301305770874
2961 1.9010820388793945
2962 1.8787500858306885
2963 1.6809054613113403
2964 2.197453498840332
2965 1.6559641361236572
2966 1.8488049507141113
2967 1.9969568252563477
2968 1.8668289184570312
2969 1.942651391029358
2970 1.6188011169433594
2971 1.8944817781448364
2972 1.86883544921875
2973 1.4699857234954834
2974 1.8037270307540894
2975 1.9003454446792603
2976 2.0764689445495605
2977 1.9717421531677246
2978 1.8922779560089111
2979 1.8078745603561401
2980 1.9323092699050903
2981 1.6900887489318848
2982 2.1317427158355713
2983 1.8982160091400146
2984 1.9018185138702393
2985 1.952388882637024
2986 1.9202804565429688
2987 2.0790042877197266
2988 2.000473737716675
2989 1.795791745185852
2990 2.026705741882324
2991 1.829854130744934
2992 1.8466616868972778
2993 1.7970905303955078
2994 1.775295615196228
2995 1.9699169397354126
2996 1.8270893096923828
2997 2.141488552093506
2998 1.582337737083435
2999 1.8148912191390991
